2.0000000000e+00	1.9954982009e+02
2.0105487064e+00	2.0052002972e+02
2.0211345045e+00	2.0149576807e+02
2.0317575248e+00	2.0247706272e+02
2.0424178982e+00	2.0346394142e+02
2.0531157559e+00	2.0445643204e+02
2.0638512298e+00	2.0545456261e+02
2.0746244522e+00	2.0645836132e+02
2.0854355557e+00	2.0746785649e+02
2.0962846737e+00	2.0848307662e+02
2.1071719396e+00	2.0950405033e+02
2.1180974878e+00	2.1053080641e+02
2.1290614528e+00	2.1156337382e+02
2.1400639697e+00	2.1260178164e+02
2.1511051740e+00	2.1364605914e+02
2.1621852017e+00	2.1469623574e+02
2.1733041895e+00	2.1575234099e+02
2.1844622742e+00	2.1681440463e+02
2.1956595934e+00	2.1788245656e+02
2.2068962850e+00	2.1895652682e+02
2.2181724875e+00	2.2003664563e+02
2.2294883397e+00	2.2112284336e+02
2.2408439812e+00	2.2221515054e+02
2.2522395517e+00	2.2331359789e+02
2.2636751918e+00	2.2441821627e+02
2.2751510423e+00	2.2552903672e+02
2.2866672445e+00	2.2664609044e+02
2.2982239405e+00	2.2776940879e+02
2.3098212725e+00	2.2889902332e+02
2.3214593834e+00	2.3003496574e+02
2.3331384167e+00	2.3117726792e+02
2.3448585162e+00	2.3232596193e+02
2.3566198264e+00	2.3348107998e+02
2.3684224921e+00	2.3464265447e+02
2.3802666587e+00	2.3581071797e+02
2.3921524722e+00	2.3698530324e+02
2.4040800790e+00	2.3816644320e+02
2.4160496262e+00	2.3935417096e+02
2.4280612610e+00	2.4054851980e+02
2.4401151316e+00	2.4174952317e+02
2.4522113864e+00	2.4295721473e+02
2.4643501746e+00	2.4417162829e+02
2.4765316455e+00	2.4539279787e+02
2.4887559494e+00	2.4662075766e+02
2.5010232368e+00	2.4785554202e+02
2.5133336589e+00	2.4909718552e+02
2.5256873673e+00	2.5034572292e+02
2.5380845143e+00	2.5160118913e+02
2.5505252525e+00	2.5286361930e+02
2.5630097354e+00	2.5413304873e+02
2.5755381166e+00	2.5540951292e+02
2.5881105505e+00	2.5669304758e+02
2.6007271921e+00	2.5798368860e+02
2.6133881967e+00	2.5928147205e+02
2.6260937205e+00	2.6058643421e+02
2.6388439198e+00	2.6189861157e+02
2.6516389519e+00	2.6321804078e+02
2.6644789743e+00	2.6454475873e+02
2.6773641452e+00	2.6587880248e+02
2.6902946235e+00	2.6722020929e+02
2.7032705683e+00	2.6856901665e+02
2.7162921396e+00	2.6992526222e+02
2.7293594978e+00	2.7128898388e+02
2.7424728040e+00	2.7266021971e+02
2.7556322196e+00	2.7403900800e+02
2.7688379068e+00	2.7542538724e+02
2.7820900283e+00	2.7681939614e+02
2.7953887474e+00	2.7822107360e+02
2.8087342280e+00	2.7963045876e+02
2.8221266343e+00	2.8104759093e+02
2.8355661316e+00	2.8247250967e+02
2.8490528852e+00	2.8390525474e+02
2.8625870615e+00	2.8534586610e+02
2.8761688271e+00	2.8679438396e+02
2.8897983495e+00	2.8825084872e+02
2.9034757964e+00	2.8971530099e+02
2.9172013364e+00	2.9118778164e+02
2.9309751387e+00	2.9266833172e+02
2.9447973729e+00	2.9415699251e+02
2.9586682093e+00	2.9565380554e+02
2.9725878189e+00	2.9715881254e+02
2.9865563731e+00	2.9867205546e+02
3.0005740440e+00	3.0019357649e+02
3.0146410043e+00	3.0172341804e+02
3.0287574274e+00	3.0326162277e+02
3.0429234872e+00	3.0480823354e+02
3.0571393581e+00	3.0636329345e+02
3.0714052155e+00	3.0792684586e+02
3.0857212349e+00	3.0949893431e+02
3.1000875928e+00	3.1107960264e+02
3.1145044662e+00	3.1266889487e+02
3.1289720327e+00	3.1426685529e+02
3.1434904707e+00	3.1587352841e+02
3.1580599588e+00	3.1748895901e+02
3.1726806767e+00	3.1911319207e+02
3.1873528045e+00	3.2074627285e+02
3.2020765230e+00	3.2238824683e+02
3.2168520135e+00	3.2403915975e+02
3.2316794581e+00	3.2569905758e+02
3.2465590395e+00	3.2736798656e+02
3.2614909410e+00	3.2904599317e+02
3.2764753466e+00	3.3073312413e+02
3.2915124409e+00	3.3242942641e+02
3.3066024091e+00	3.3413494727e+02
3.3217454373e+00	3.3584973418e+02
3.3369417118e+00	3.3757383489e+02
3.3521914201e+00	3.3930729739e+02
3.3674947500e+00	3.4105016996e+02
3.3828518899e+00	3.4280250111e+02
3.3982630292e+00	3.4456433962e+02
3.4137283576e+00	3.4633573454e+02
3.4292480658e+00	3.4811673518e+02
3.4448223450e+00	3.4990739110e+02
3.4604513869e+00	3.5170775216e+02
3.4761353843e+00	3.5351786846e+02
3.4918745303e+00	3.5533779038e+02
3.5076690188e+00	3.5716756857e+02
3.5235190445e+00	3.5900725396e+02
3.5394248026e+00	3.6085689774e+02
3.5553864891e+00	3.6271655139e+02
3.5714043007e+00	3.6458626666e+02
3.5874784346e+00	3.6646609558e+02
3.6036090890e+00	3.6835609045e+02
3.6197964626e+00	3.7025630387e+02
3.6360407547e+00	3.7216678870e+02
3.6523421657e+00	3.7408759812e+02
3.6687008962e+00	3.7601878555e+02
3.6851171479e+00	3.7796040474e+02
3.7015911230e+00	3.7991250970e+02
3.7181230244e+00	3.8187515475e+02
3.7347130559e+00	3.8384839448e+02
3.7513614219e+00	3.8583228379e+02
3.7680683275e+00	3.8782687787e+02
3.7848339784e+00	3.8983223222e+02
3.8016585814e+00	3.9184840262e+02
3.8185423436e+00	3.9387544515e+02
3.8354854731e+00	3.9591341620e+02
3.8524881786e+00	3.9796237246e+02
3.8695506696e+00	4.0002237093e+02
3.8866731564e+00	4.0209346891e+02
3.9038558499e+00	4.0417572400e+02
3.9210989618e+00	4.0626919413e+02
3.9384027045e+00	4.0837393752e+02
3.9557672912e+00	4.1049001273e+02
3.9731929359e+00	4.1261747859e+02
3.9906798533e+00	4.1475639429e+02
4.0082282588e+00	4.1690681932e+02
4.0258383687e+00	4.1906881348e+02
4.0435103998e+00	4.2124243691e+02
4.0612445699e+00	4.2342775005e+02
4.0790410976e+00	4.2562481370e+02
4.0969002021e+00	4.2783368894e+02
4.1148221033e+00	4.3005443721e+02
4.1328070222e+00	4.3228712028e+02
4.1508551803e+00	4.3453180023e+02
4.1689668000e+00	4.3678853949e+02
4.1871421044e+00	4.3905740082e+02
4.2053813174e+00	4.4133844732e+02
4.2236846638e+00	4.4363174241e+02
4.2420523691e+00	4.4593734989e+02
4.2604846596e+00	4.4825533386e+02
4.2789817623e+00	4.5058575878e+02
4.2975439052e+00	4.5292868946e+02
4.3161713170e+00	4.5528419106e+02
4.3348642272e+00	4.5765232908e+02
4.3536228660e+00	4.6003316936e+02
4.3724474646e+00	4.6242677812e+02
4.3913382549e+00	4.6483322192e+02
4.4102954697e+00	4.6725256767e+02
4.4293193425e+00	4.6968488266e+02
4.4484101077e+00	4.7213023451e+02
4.4675680006e+00	4.7458869123e+02
4.4867932571e+00	4.7706032118e+02
4.5060861142e+00	4.7954519309e+02
4.5254468095e+00	4.8204337606e+02
4.5448755815e+00	4.8455493955e+02
4.5643726697e+00	4.8707995340e+02
4.5839383142e+00	4.8961848782e+02
4.6035727562e+00	4.9217061340e+02
4.6232762375e+00	4.9473640112e+02
4.6430490008e+00	4.9731592231e+02
4.6628912899e+00	4.9990924870e+02
4.6828033491e+00	5.0251645240e+02
4.7027854238e+00	5.0513760591e+02
4.7228377601e+00	5.0777278212e+02
4.7429606052e+00	5.1042205430e+02
4.7631542070e+00	5.1308549612e+02
4.7834188142e+00	5.1576318164e+02
4.8037546766e+00	5.1845518531e+02
4.8241620446e+00	5.2116158199e+02
4.8446411698e+00	5.2388244694e+02
4.8651923044e+00	5.2661785581e+02
4.8858157016e+00	5.2936788467e+02
4.9065116155e+00	5.3213260998e+02
4.9272803011e+00	5.3491210862e+02
4.9481220144e+00	5.3770645789e+02
4.9690370120e+00	5.4051573547e+02
4.9900255516e+00	5.4334001950e+02
5.0110878919e+00	5.4617938850e+02
5.0322242924e+00	5.4903392142e+02
5.0534350134e+00	5.5190369765e+02
5.0747203163e+00	5.5478879698e+02
5.0960804633e+00	5.5768929964e+02
5.1175157176e+00	5.6060528629e+02
5.1390263434e+00	5.6353683800e+02
5.1606126055e+00	5.6648403630e+02
5.1822747701e+00	5.6944696314e+02
5.2040131039e+00	5.7242570092e+02
5.2258278748e+00	5.7542033246e+02
5.2477193516e+00	5.7843094104e+02
5.2696878040e+00	5.8145761037e+02
5.2917335026e+00	5.8450042463e+02
5.3138567191e+00	5.8755946843e+02
5.3360577260e+00	5.9063482683e+02
5.3583367970e+00	5.9372658536e+02
5.3806942063e+00	5.9683482998e+02
5.4031302296e+00	5.9995964715e+02
5.4256451432e+00	6.0310112375e+02
5.4482392246e+00	6.0625934715e+02
5.4709127520e+00	6.0943440517e+02
5.4936660050e+00	6.1262638611e+02
5.5164992637e+00	6.1583537873e+02
5.5394128095e+00	6.1906147228e+02
5.5624069248e+00	6.2230475648e+02
5.5854818928e+00	6.2556532152e+02
5.6086379978e+00	6.2884325806e+02
5.6318755251e+00	6.3213865729e+02
5.6551947610e+00	6.3545161084e+02
5.6785959929e+00	6.3878221084e+02
5.7020795090e+00	6.4213054992e+02
5.7256455987e+00	6.4549672121e+02
5.7492945523e+00	6.4888081832e+02
5.7730266612e+00	6.5228293537e+02
5.7968422177e+00	6.5570316697e+02
5.8207415154e+00	6.5914160825e+02
5.8447248486e+00	6.6259835483e+02
5.8687925129e+00	6.6607350286e+02
5.8929448048e+00	6.6956714899e+02
5.9171820218e+00	6.7307939038e+02
5.9415044625e+00	6.7661032473e+02
5.9659124267e+00	6.8016005023e+02
5.9904062151e+00	6.8372866561e+02
6.0149861293e+00	6.8731627014e+02
6.0396524724e+00	6.9092296359e+02
6.0644055481e+00	6.9454884628e+02
6.0892456614e+00	6.9819401907e+02
6.1141731185e+00	7.0185858334e+02
6.1391882263e+00	7.0554264101e+02
6.1642912932e+00	7.0924629456e+02
6.1894826283e+00	7.1296964701e+02
6.2147625421e+00	7.1671280193e+02
6.2401313461e+00	7.2047586342e+02
6.2655893527e+00	7.2425893617e+02
6.2911368757e+00	7.2806212540e+02
6.3167742298e+00	7.3188553691e+02
6.3425017308e+00	7.3572927705e+02
6.3683196958e+00	7.3959345274e+02
6.3942284429e+00	7.4347817146e+02
6.4202282912e+00	7.4738354129e+02
6.4463195611e+00	7.5130967086e+02
6.4725025740e+00	7.5525666938e+02
6.4987776526e+00	7.5922464666e+02
6.5251451206e+00	7.6321371308e+02
6.5516053027e+00	7.6722397961e+02
6.5781585251e+00	7.7125555781e+02
6.6048051149e+00	7.7530855983e+02
6.6315454004e+00	7.7938309844e+02
6.6583797110e+00	7.8347928697e+02
6.6853083774e+00	7.8759723939e+02
6.7123317313e+00	7.9173707027e+02
6.7394501056e+00	7.9589889476e+02
6.7666638346e+00	8.0008282867e+02
6.7939732534e+00	8.0428898839e+02
6.8213786986e+00	8.0851749095e+02
6.8488805078e+00	8.1276845399e+02
6.8764790198e+00	8.1704199577e+02
6.9041745747e+00	8.2133823521e+02
6.9319675137e+00	8.2565729184e+02
6.9598581792e+00	8.2999928582e+02
6.9878469149e+00	8.3436433796e+02
7.0159340655e+00	8.3875256972e+02
7.0441199772e+00	8.4316410319e+02
7.0724049971e+00	8.4759906112e+02
7.1007894739e+00	8.5205756692e+02
7.1292737572e+00	8.5653974464e+02
7.1578581979e+00	8.6104571900e+02
7.1865431482e+00	8.6557561538e+02
7.2153289616e+00	8.7012955984e+02
7.2442159927e+00	8.7470767908e+02
7.2732045974e+00	8.7931010050e+02
7.3022951328e+00	8.8393695218e+02
7.3314879574e+00	8.8858836286e+02
7.3607834309e+00	8.9326446199e+02
7.3901819141e+00	8.9796537970e+02
7.4196837693e+00	9.0269124679e+02
7.4492893600e+00	9.0744219478e+02
7.4789990510e+00	9.1221835590e+02
7.5088132081e+00	9.1701986305e+02
7.5387321989e+00	9.2184684986e+02
7.5687563919e+00	9.2669945067e+02
7.5988861571e+00	9.3157780052e+02
7.6291218656e+00	9.3648203519e+02
7.6594638899e+00	9.4141229116e+02
7.6899126040e+00	9.4636870565e+02
7.7204683829e+00	9.5135141660e+02
7.7511316031e+00	9.5636056270e+02
7.7819026425e+00	9.6139628337e+02
7.8127818800e+00	9.6645871875e+02
7.8437696962e+00	9.7154800976e+02
7.8748664729e+00	9.7666429805e+02
7.9060725932e+00	9.8180772602e+02
7.9373884415e+00	9.8697843684e+02
7.9688144037e+00	9.9217657444e+02
8.0003508670e+00	9.9740228350e+02
8.0319982200e+00	1.0026557095e+03
8.0637568525e+00	1.0079369986e+03
8.0956271558e+00	1.0132462980e+03
8.1276095226e+00	1.0185837552e+03
8.1597043469e+00	1.0239495191e+03
8.1919120242e+00	1.0293437388e+03
8.2242329513e+00	1.0347665646e+03
8.2566675264e+00	1.0402181474e+03
8.2892161490e+00	1.0456986391e+03
8.3218792203e+00	1.0512081921e+03
8.3546571427e+00	1.0567469598e+03
8.3875503199e+00	1.0623150965e+03
8.4205591573e+00	1.0679127572e+03
8.4536840615e+00	1.0735400977e+03
8.4869254407e+00	1.0791972747e+03
8.5202837045e+00	1.0848844456e+03
8.5537592637e+00	1.0906017689e+03
8.5873525309e+00	1.0963494037e+03
8.6210639199e+00	1.1021275100e+03
8.6548938461e+00	1.1079362487e+03
8.6888427262e+00	1.1137757816e+03
8.7229109787e+00	1.1196462712e+03
8.7570990231e+00	1.1255478810e+03
8.7914072808e+00	1.1314807754e+03
8.8258361743e+00	1.1374451195e+03
8.8603861280e+00	1.1434410794e+03
8.8950575674e+00	1.1494688220e+03
8.9298509198e+00	1.1555285153e+03
8.9647666138e+00	1.1616203280e+03
8.9998050796e+00	1.1677444296e+03
9.0349667489e+00	1.1739009908e+03
9.0702520549e+00	1.1800901830e+03
9.1056614323e+00	1.1863121786e+03
9.1411953175e+00	1.1925671508e+03
9.1768541481e+00	1.1988552738e+03
9.2126383636e+00	1.2051767227e+03
9.2485484049e+00	1.2115316737e+03
9.2845847143e+00	1.2179203036e+03
9.3207477358e+00	1.2243427905e+03
9.3570379150e+00	1.2307993131e+03
9.3934556991e+00	1.2372900514e+03
9.4300015367e+00	1.2438151861e+03
9.4666758780e+00	1.2503748989e+03
9.5034791750e+00	1.2569693726e+03
9.5404118810e+00	1.2635987908e+03
9.5774744511e+00	1.2702633383e+03
9.6146673419e+00	1.2769632005e+03
9.6519910117e+00	1.2836985642e+03
9.6894459203e+00	1.2904696170e+03
9.7270325292e+00	1.2972765475e+03
9.7647513014e+00	1.3041195452e+03
9.8026027017e+00	1.3109988009e+03
9.8405871965e+00	1.3179145062e+03
9.8787052537e+00	1.3248668537e+03
9.9169573429e+00	1.3318560371e+03
9.9553439356e+00	1.3388822511e+03
9.9938655045e+00	1.3459456915e+03
1.0032522524e+01	1.3530465550e+03
1.0071315471e+01	1.3601850395e+03
1.0110244823e+01	1.3673613439e+03
1.0149311060e+01	1.3745756681e+03
1.0188514663e+01	1.3818282130e+03
1.0227856115e+01	1.3891191809e+03
1.0267335901e+01	1.3964487747e+03
1.0306954507e+01	1.4038171989e+03
1.0346712422e+01	1.4112246585e+03
1.0386610135e+01	1.4186713602e+03
1.0426648137e+01	1.4261575112e+03
1.0466826922e+01	1.4336833204e+03
1.0507146986e+01	1.4412489973e+03
1.0547608824e+01	1.4488547528e+03
1.0588212936e+01	1.4565007989e+03
1.0628959821e+01	1.4641873485e+03
1.0669849982e+01	1.4719146160e+03
1.0710883923e+01	1.4796828167e+03
1.0752062148e+01	1.4874921670e+03
1.0793385166e+01	1.4953428846e+03
1.0834853485e+01	1.5032351883e+03
1.0876467617e+01	1.5111692981e+03
1.0918228073e+01	1.5191454350e+03
1.0960135370e+01	1.5271638214e+03
1.1002190022e+01	1.5352246808e+03
1.1044392548e+01	1.5433282378e+03
1.1086743468e+01	1.5514747183e+03
1.1129243304e+01	1.5596643494e+03
1.1171892580e+01	1.5678973594e+03
1.1214691820e+01	1.5761739777e+03
1.1257641553e+01	1.5844944350e+03
1.1300742307e+01	1.5928589634e+03
1.1343994613e+01	1.6012677959e+03
1.1387399005e+01	1.6097211670e+03
1.1430956017e+01	1.6182193122e+03
1.1474666185e+01	1.6267624687e+03
1.1518530049e+01	1.6353508744e+03
1.1562548148e+01	1.6439847688e+03
1.1606721026e+01	1.6526643927e+03
1.1651049225e+01	1.6613899879e+03
1.1695533293e+01	1.6701617979e+03
1.1740173778e+01	1.6789800671e+03
1.1784971229e+01	1.6878450415e+03
1.1829926198e+01	1.6967569681e+03
1.1875039239e+01	1.7057160955e+03
1.1920310909e+01	1.7147226735e+03
1.1965741764e+01	1.7237769532e+03
1.2011332366e+01	1.7328791871e+03
1.2057083274e+01	1.7420296290e+03
1.2102995053e+01	1.7512285340e+03
1.2149068269e+01	1.7604761588e+03
1.2195303489e+01	1.7697727611e+03
1.2241701283e+01	1.7791186002e+03
1.2288262223e+01	1.7885139368e+03
1.2334986882e+01	1.7979590329e+03
1.2381875836e+01	1.8074541518e+03
1.2428929662e+01	1.8169995584e+03
1.2476148941e+01	1.8265955190e+03
1.2523534254e+01	1.8362423011e+03
1.2571086185e+01	1.8459401738e+03
1.2618805319e+01	1.8556894076e+03
1.2666692246e+01	1.8654902745e+03
1.2714747554e+01	1.8753430477e+03
1.2762971835e+01	1.8852480022e+03
1.2811365685e+01	1.8952054142e+03
1.2859929699e+01	1.9052155614e+03
1.2908664475e+01	1.9152787232e+03
1.2957570615e+01	1.9253951802e+03
1.3006648720e+01	1.9355652146e+03
1.3055899395e+01	1.9457891102e+03
1.3105323247e+01	1.9560671522e+03
1.3154920885e+01	1.9663996273e+03
1.3204692919e+01	1.9767868238e+03
1.3254639964e+01	1.9872290315e+03
1.3304762635e+01	1.9977265417e+03
1.3355061549e+01	2.0082796473e+03
1.3405537325e+01	2.0188886427e+03
1.3456190587e+01	2.0295538240e+03
1.3507021957e+01	2.0402754888e+03
1.3558032062e+01	2.0510539362e+03
1.3609221531e+01	2.0618894670e+03
1.3660590993e+01	2.0727823835e+03
1.3712141083e+01	2.0837329897e+03
1.3763872436e+01	2.0947415913e+03
1.3815785688e+01	2.1058084953e+03
1.3867881479e+01	2.1169340107e+03
1.3920160451e+01	2.1281184479e+03
1.3972623248e+01	2.1393621191e+03
1.4025270517e+01	2.1506653381e+03
1.4078102906e+01	2.1620284203e+03
1.4131121067e+01	2.1734516830e+03
1.4184325651e+01	2.1849354448e+03
1.4237717316e+01	2.1964800264e+03
1.4291296718e+01	2.2080857501e+03
1.4345064517e+01	2.2197529396e+03
1.4399021378e+01	2.2314819208e+03
1.4453167963e+01	2.2432730210e+03
1.4507504940e+01	2.2551265694e+03
1.4562032979e+01	2.2670428969e+03
1.4616752751e+01	2.2790223360e+03
1.4671664931e+01	2.2910652214e+03
1.4726770195e+01	2.3031718891e+03
1.4782069222e+01	2.3153426772e+03
1.4837562694e+01	2.3275779255e+03
1.4893251294e+01	2.3398779756e+03
1.4949135707e+01	2.3522431708e+03
1.5005216624e+01	2.3646738565e+03
1.5061494735e+01	2.3771703798e+03
1.5117970732e+01	2.3897330895e+03
1.5174645312e+01	2.4023623364e+03
1.5231519174e+01	2.4150584733e+03
1.5288593017e+01	2.4278218546e+03
1.5345867546e+01	2.4406528369e+03
1.5403343465e+01	2.4535517783e+03
1.5461021483e+01	2.4665190391e+03
1.5518902311e+01	2.4795549815e+03
1.5576986661e+01	2.4926599695e+03
1.5635275249e+01	2.5058343692e+03
1.5693768794e+01	2.5190785484e+03
1.5752468016e+01	2.5323928772e+03
1.5811373638e+01	2.5457777274e+03
1.5870486386e+01	2.5592334728e+03
1.5929806989e+01	2.5727604894e+03
1.5989336177e+01	2.5863591549e+03
1.6049074683e+01	2.6000298492e+03
1.6109023244e+01	2.6137729543e+03
1.6169182599e+01	2.6275888540e+03
1.6229553488e+01	2.6414779343e+03
1.6290136655e+01	2.6554405832e+03
1.6350932846e+01	2.6694771908e+03
1.6411942812e+01	2.6835881493e+03
1.6473167303e+01	2.6977738530e+03
1.6534607073e+01	2.7120346981e+03
1.6596262881e+01	2.7263710831e+03
1.6658135484e+01	2.7407834086e+03
1.6720225647e+01	2.7552720774e+03
1.6782534133e+01	2.7698374942e+03
1.6845061710e+01	2.7844800661e+03
1.6907809149e+01	2.7992002023e+03
1.6970777222e+01	2.8139983142e+03
1.7033966707e+01	2.8288748152e+03
1.7097378380e+01	2.8438301212e+03
1.7161013024e+01	2.8588646500e+03
1.7224871422e+01	2.8739788220e+03
1.7288954361e+01	2.8891730595e+03
1.7353262631e+01	2.9044477872e+03
1.7417797024e+01	2.9198034321e+03
1.7482558335e+01	2.9352404233e+03
1.7547547362e+01	2.9507591924e+03
1.7612764906e+01	2.9663601732e+03
1.7678211770e+01	2.9820438018e+03
1.7743888761e+01	2.9978105166e+03
1.7809796688e+01	3.0136607583e+03
1.7875936362e+01	3.0295949702e+03
1.7942308599e+01	3.0456135977e+03
1.8008914216e+01	3.0617170886e+03
1.8075754034e+01	3.0779058932e+03
1.8142828877e+01	3.0941804641e+03
1.8210139571e+01	3.1105412564e+03
1.8277686945e+01	3.1269887275e+03
1.8345471832e+01	3.1435233373e+03
1.8413495066e+01	3.1601455483e+03
1.8481757486e+01	3.1768558252e+03
1.8550259933e+01	3.1936546353e+03
1.8619003250e+01	3.2105424484e+03
1.8687988285e+01	3.2275197368e+03
1.8757215888e+01	3.2445869754e+03
1.8826686911e+01	3.2617446415e+03
1.8896402211e+01	3.2789932148e+03
1.8966362646e+01	3.2963331780e+03
1.9036569078e+01	3.3137650160e+03
1.9107022373e+01	3.3312892164e+03
1.9177723398e+01	3.3489062694e+03
1.9248673025e+01	3.3666166679e+03
1.9319872127e+01	3.3844209071e+03
1.9391321582e+01	3.4023194853e+03
1.9463022271e+01	3.4203129032e+03
1.9534975075e+01	3.4384016641e+03
1.9607180883e+01	3.4565862742e+03
1.9679640583e+01	3.4748672422e+03
1.9752355069e+01	3.4932450797e+03
1.9825325236e+01	3.5117203008e+03
1.9898551983e+01	3.5302934225e+03
1.9972036213e+01	3.5489649645e+03
2.0045778830e+01	3.5677354494e+03
2.0119780744e+01	3.5866054024e+03
2.0194042867e+01	3.6055753515e+03
2.0268566112e+01	3.6246458277e+03
2.0343351398e+01	3.6438173648e+03
2.0418399648e+01	3.6630904992e+03
2.0493711784e+01	3.6824657704e+03
2.0569288736e+01	3.7019437207e+03
2.0645131434e+01	3.7215248953e+03
2.0721240813e+01	3.7412098423e+03
2.0797617810e+01	3.7609991128e+03
2.0874263367e+01	3.7808932607e+03
2.0951178428e+01	3.8008928430e+03
2.1028363940e+01	3.8209984194e+03
2.1105820854e+01	3.8412105531e+03
2.1183550126e+01	3.8615298097e+03
2.1261552711e+01	3.8819567582e+03
2.1339829573e+01	3.9024919706e+03
2.1418381674e+01	3.9231360218e+03
2.1497209982e+01	3.9438894900e+03
2.1576315470e+01	3.9647529561e+03
2.1655699111e+01	3.9857270046e+03
2.1735361884e+01	4.0068122226e+03
2.1815304770e+01	4.0280092008e+03
2.1895528754e+01	4.0493185328e+03
2.1976034824e+01	4.0707408154e+03
2.2056823973e+01	4.0922766485e+03
2.2137897195e+01	4.1139266354e+03
2.2219255490e+01	4.1356913825e+03
2.2300899859e+01	4.1575714995e+03
2.2382831310e+01	4.1795675992e+03
2.2465050851e+01	4.2016802978e+03
2.2547559495e+01	4.2239102148e+03
2.2630358258e+01	4.2462579730e+03
2.2713448162e+01	4.2687241984e+03
2.2796830230e+01	4.2913095206e+03
2.2880505488e+01	4.3140145722e+03
2.2964474969e+01	4.3368399895e+03
2.3048739706e+01	4.3597864121e+03
2.3133300737e+01	4.3828544829e+03
2.3218159105e+01	4.4060448483e+03
2.3303315855e+01	4.4293581583e+03
2.3388772036e+01	4.4527950661e+03
2.3474528702e+01	4.4763562287e+03
2.3560586907e+01	4.5000423062e+03
2.3646947714e+01	4.5238539627e+03
2.3733612186e+01	4.5477918654e+03
2.3820581390e+01	4.5718566854e+03
2.3907856399e+01	4.5960490972e+03
2.3995438287e+01	4.6203697790e+03
2.4083328134e+01	4.6448194126e+03
2.4171527022e+01	4.6693986834e+03
2.4260036038e+01	4.6941082804e+03
2.4348856272e+01	4.7189488964e+03
2.4437988820e+01	4.7439212279e+03
2.4527434778e+01	4.7690259750e+03
2.4617195250e+01	4.7942638418e+03
2.4707271341e+01	4.8196355358e+03
2.4797664160e+01	4.8451417685e+03
2.4888374822e+01	4.8707832553e+03
2.4979404443e+01	4.8965607151e+03
2.5070754147e+01	4.9224748709e+03
2.5162425057e+01	4.9485264495e+03
2.5254418304e+01	4.9747161816e+03
2.5346735021e+01	5.0010448017e+03
2.5439376345e+01	5.0275130484e+03
2.5532343418e+01	5.0541216641e+03
2.5625637385e+01	5.0808713953e+03
2.5719259395e+01	5.1077629922e+03
2.5813210603e+01	5.1347972094e+03
2.5907492165e+01	5.1619748053e+03
2.6002105243e+01	5.1892965425e+03
2.6097051003e+01	5.2167631874e+03
2.6192330615e+01	5.2443755107e+03
2.6287945253e+01	5.2721342873e+03
2.6383896094e+01	5.3000402961e+03
2.6480184320e+01	5.3280943202e+03
2.6576811119e+01	5.3562971470e+03
2.6673777680e+01	5.3846495678e+03
2.6771085199e+01	5.4131523784e+03
2.6868734874e+01	5.4418063788e+03
2.6966727908e+01	5.4706123734e+03
2.7065065508e+01	5.4995711705e+03
2.7163748887e+01	5.5286835832e+03
2.7262779260e+01	5.5579504287e+03
2.7362157847e+01	5.5873725285e+03
2.7461885872e+01	5.6169507088e+03
2.7561964565e+01	5.6466857998e+03
2.7662395157e+01	5.6765786365e+03
2.7763178888e+01	5.7066300581e+03
2.7864316998e+01	5.7368409086e+03
2.7965810733e+01	5.7672120362e+03
2.8067661344e+01	5.7977442938e+03
2.8169870086e+01	5.8284385389e+03
2.8272438217e+01	5.8592956334e+03
2.8375367003e+01	5.8903164440e+03
2.8478657710e+01	5.9215018420e+03
2.8582311612e+01	5.9528527032e+03
2.8686329985e+01	5.9843699084e+03
2.8790714112e+01	6.0160543428e+03
2.8895465277e+01	6.0479068965e+03
2.9000584773e+01	6.0799284644e+03
2.9106073893e+01	6.1121199460e+03
2.9211933938e+01	6.1444822458e+03
2.9318166211e+01	6.1770162732e+03
2.9424772023e+01	6.2097229421e+03
2.9531752685e+01	6.2426031717e+03
2.9639109517e+01	6.2756578859e+03
2.9746843841e+01	6.3088880137e+03
2.9854956983e+01	6.3422944889e+03
2.9963450277e+01	6.3758782504e+03
3.0072325060e+01	6.4096402420e+03
3.0181582671e+01	6.4435814128e+03
3.0291224458e+01	6.4777027169e+03
3.0401251771e+01	6.5120051132e+03
3.0511665966e+01	6.5464895663e+03
3.0622468404e+01	6.5811570454e+03
3.0733660449e+01	6.6160085252e+03
3.0845243471e+01	6.6510449856e+03
3.0957218846e+01	6.6862674118e+03
3.1069587952e+01	6.7216767941e+03
3.1182352175e+01	6.7572741281e+03
3.1295512903e+01	6.7930604150e+03
3.1409071531e+01	6.8290366611e+03
3.1523029458e+01	6.8652038782e+03
3.1637388087e+01	6.9015630836e+03
3.1752148829e+01	6.9381152998e+03
3.1867313096e+01	6.9748615550e+03
3.1982882308e+01	7.0118028829e+03
3.2098857889e+01	7.0489403225e+03
3.2215241267e+01	7.0862749188e+03
3.2332033876e+01	7.1238077221e+03
3.2449237156e+01	7.1615397882e+03
3.2566852550e+01	7.1994721790e+03
3.2684881508e+01	7.2376059616e+03
3.2803325483e+01	7.2759422092e+03
3.2922185935e+01	7.3144820006e+03
3.3041464328e+01	7.3532264203e+03
3.3161162132e+01	7.3921765589e+03
3.3281280822e+01	7.4313335124e+03
3.3401821878e+01	7.4706983831e+03
3.3522786784e+01	7.5102722790e+03
3.3644177031e+01	7.5500563141e+03
3.3765994115e+01	7.5900516083e+03
3.3888239537e+01	7.6302592876e+03
3.4010914802e+01	7.6706804840e+03
3.4134021423e+01	7.7113163357e+03
3.4257560915e+01	7.7521679866e+03
3.4381534801e+01	7.7932365873e+03
3.4505944609e+01	7.8345232941e+03
3.4630791870e+01	7.8760292698e+03
3.4756078125e+01	7.9177556833e+03
3.4881804915e+01	7.9597037098e+03
3.5007973790e+01	8.0018745307e+03
3.5134586304e+01	8.0442693341e+03
3.5261644018e+01	8.0868893140e+03
3.5389148497e+01	8.1297356711e+03
3.5517101312e+01	8.1728096124e+03
3.5645504039e+01	8.2161123517e+03
3.5774358260e+01	8.2596451088e+03
3.5903665562e+01	8.3034091104e+03
3.6033427540e+01	8.3474055897e+03
3.6163645792e+01	8.3916357866e+03
3.6294321921e+01	8.4361009475e+03
3.6425457538e+01	8.4808023256e+03
3.6557054260e+01	8.5257411807e+03
3.6689113706e+01	8.5709187796e+03
3.6821637504e+01	8.6163363957e+03
3.6954627288e+01	8.6619953093e+03
3.7088084694e+01	8.7078968076e+03
3.7222011368e+01	8.7540421846e+03
3.7356408961e+01	8.8004327415e+03
3.7491279126e+01	8.8470697862e+03
3.7626623527e+01	8.8939546339e+03
3.7762443831e+01	8.9410886066e+03
3.7898741710e+01	8.9884730335e+03
3.8035518846e+01	9.0361092510e+03
3.8172776922e+01	9.0839986027e+03
3.8310517629e+01	9.1321424394e+03
3.8448742666e+01	9.1805421190e+03
3.8587453734e+01	9.2291990068e+03
3.8726652543e+01	9.2781144756e+03
3.8866340807e+01	9.3272899054e+03
3.9006520249e+01	9.3767266836e+03
3.9147192594e+01	9.4264262051e+03
3.9288359577e+01	9.4763898723e+03
3.9430022936e+01	9.5266190953e+03
3.9572184416e+01	9.5771152914e+03
3.9714845770e+01	9.6278798859e+03
3.9858008755e+01	9.6789143116e+03
4.0001675134e+01	9.7302200090e+03
4.0145846679e+01	9.7817984264e+03
4.0290525164e+01	9.8336510197e+03
4.0435712373e+01	9.8857792530e+03
4.0581410095e+01	9.9381845979e+03
4.0727620124e+01	9.9908685341e+03
4.0874344262e+01	1.0043832549e+04
4.1021584316e+01	1.0097078139e+04
4.1169342101e+01	1.0150606807e+04
4.1317619438e+01	1.0204420065e+04
4.1466418152e+01	1.0258519433e+04
4.1615740078e+01	1.0312906439e+04
4.1765587054e+01	1.0367582619e+04
4.1915960928e+01	1.0422549518e+04
4.2066863552e+01	1.0477808689e+04
4.2218296785e+01	1.0533361693e+04
4.2370262494e+01	1.0589210099e+04
4.2522762549e+01	1.0645355486e+04
4.2675798830e+01	1.0701799441e+04
4.2829373223e+01	1.0758543558e+04
4.2983487620e+01	1.0815589441e+04
4.3138143919e+01	1.0872938703e+04
4.3293344026e+01	1.0930592964e+04
4.3449089853e+01	1.0988553855e+04
4.3605383319e+01	1.1046823013e+04
4.3762226350e+01	1.1105402087e+04
4.3919620878e+01	1.1164292732e+04
4.4077568842e+01	1.1223496613e+04
4.4236072189e+01	1.1283015406e+04
4.4395132870e+01	1.1342850792e+04
4.4554752846e+01	1.1403004464e+04
4.4714934084e+01	1.1463478124e+04
4.4875678557e+01	1.1524273482e+04
4.5036988245e+01	1.1585392257e+04
4.5198865136e+01	1.1646836179e+04
4.5361311224e+01	1.1708606986e+04
4.5524328511e+01	1.1770706425e+04
4.5687919005e+01	1.1833136255e+04
4.5852084722e+01	1.1895898240e+04
4.6016827684e+01	1.1958994157e+04
4.6182149921e+01	1.2022425793e+04
4.6348053470e+01	1.2086194942e+04
4.6514540375e+01	1.2150303409e+04
4.6681612687e+01	1.2214753009e+04
4.6849272464e+01	1.2279545566e+04
4.7017521773e+01	1.2344682915e+04
4.7186362687e+01	1.2410166900e+04
4.7355797284e+01	1.2475999374e+04
4.7525827654e+01	1.2542182203e+04
4.7696455890e+01	1.2608717261e+04
4.7867684095e+01	1.2675606431e+04
4.8039514379e+01	1.2742851609e+04
4.8211948859e+01	1.2810454698e+04
4.8384989659e+01	1.2878417615e+04
4.8558638911e+01	1.2946742283e+04
4.8732898755e+01	1.3015430640e+04
4.8907771338e+01	1.3084484631e+04
4.9083258813e+01	1.3153906213e+04
4.9259363344e+01	1.3223697353e+04
4.9436087100e+01	1.3293860028e+04
4.9613432259e+01	1.3364396229e+04
4.9791401004e+01	1.3435307953e+04
4.9969995530e+01	1.3506597210e+04
5.0149218036e+01	1.3578266023e+04
5.0329070731e+01	1.3650316421e+04
5.0509555830e+01	1.3722750450e+04
5.0690675557e+01	1.3795570161e+04
5.0872432144e+01	1.3868777620e+04
5.1054827829e+01	1.3942374904e+04
5.1237864861e+01	1.4016364099e+04
5.1421545494e+01	1.4090747304e+04
5.1605871992e+01	1.4165526628e+04
5.1790846625e+01	1.4240704195e+04
5.1976471672e+01	1.4316282135e+04
5.2162749421e+01	1.4392262593e+04
5.2349682166e+01	1.4468647726e+04
5.2537272211e+01	1.4545439700e+04
5.2725521866e+01	1.4622640696e+04
5.2914433451e+01	1.4700252903e+04
5.3104009295e+01	1.4778278526e+04
5.3294251731e+01	1.4856719778e+04
5.3485163105e+01	1.4935578887e+04
5.3676745768e+01	1.5014858091e+04
5.3869002080e+01	1.5094559641e+04
5.4061934412e+01	1.5174685801e+04
5.4255545138e+01	1.5255238845e+04
5.4449836646e+01	1.5336221062e+04
5.4644811328e+01	1.5417634751e+04
5.4840471587e+01	1.5499482225e+04
5.5036819834e+01	1.5581765809e+04
5.5233858487e+01	1.5664487840e+04
5.5431589975e+01	1.5747650669e+04
5.5630016733e+01	1.5831256658e+04
5.5829141207e+01	1.5915308183e+04
5.6028965849e+01	1.5999807634e+04
5.6229493121e+01	1.6084757410e+04
5.6430725495e+01	1.6170159928e+04
5.6632665449e+01	1.6256017613e+04
5.6835315471e+01	1.6342332908e+04
5.7038678058e+01	1.6429108267e+04
5.7242755717e+01	1.6516346155e+04
5.7447550960e+01	1.6604049054e+04
5.7653066312e+01	1.6692219458e+04
5.7859304304e+01	1.6780859875e+04
5.8066267477e+01	1.6869972825e+04
5.8273958382e+01	1.6959560844e+04
5.8482379577e+01	1.7049626480e+04
5.8691533630e+01	1.7140172294e+04
5.8901423117e+01	1.7231200865e+04
5.9112050626e+01	1.7322714780e+04
5.9323418750e+01	1.7414716646e+04
5.9535530095e+01	1.7507209080e+04
5.9748387273e+01	1.7600194714e+04
5.9961992907e+01	1.7693676196e+04
6.0176349628e+01	1.7787656187e+04
6.0391460079e+01	1.7882137362e+04
6.0607326908e+01	1.7977122411e+04
6.0823952776e+01	1.8072614039e+04
6.1041340352e+01	1.8168614965e+04
6.1259492313e+01	1.8265127924e+04
6.1478411348e+01	1.8362155664e+04
6.1698100154e+01	1.8459700949e+04
6.1918561437e+01	1.8557766558e+04
6.2139797915e+01	1.8656355285e+04
6.2361812312e+01	1.8755469939e+04
6.2584607363e+01	1.8855113345e+04
6.2808185815e+01	1.8955288341e+04
6.3032550421e+01	1.9055997784e+04
6.3257703946e+01	1.9157244543e+04
6.3483649164e+01	1.9259031504e+04
6.3710388858e+01	1.9361361571e+04
6.3937925822e+01	1.9464237659e+04
6.4166262860e+01	1.9567662703e+04
6.4395402785e+01	1.9671639652e+04
6.4625348420e+01	1.9776171472e+04
6.4856102598e+01	1.9881261143e+04
6.5087668161e+01	1.9986911663e+04
6.5320047964e+01	2.0093126047e+04
6.5553244869e+01	2.0199907325e+04
6.5787261749e+01	2.0307258543e+04
6.6022101488e+01	2.0415182765e+04
6.6257766978e+01	2.0523683071e+04
6.6494261124e+01	2.0632762558e+04
6.6731586839e+01	2.0742424339e+04
6.6969747047e+01	2.0852671545e+04
6.7208744682e+01	2.0963507323e+04
6.7448582689e+01	2.1074934839e+04
6.7689264023e+01	2.1186957273e+04
6.7930791650e+01	2.1299577825e+04
6.8173168544e+01	2.1412799712e+04
6.8416397693e+01	2.1526626168e+04
6.8660482092e+01	2.1641060444e+04
6.8905424750e+01	2.1756105809e+04
6.9151228684e+01	2.1871765552e+04
6.9397896923e+01	2.1988042976e+04
6.9645432505e+01	2.2104941406e+04
6.9893838480e+01	2.2222464181e+04
7.0143117909e+01	2.2340614662e+04
7.0393273864e+01	2.2459396226e+04
7.0644309426e+01	2.2578812268e+04
7.0896227687e+01	2.2698866204e+04
7.1149031753e+01	2.2819561467e+04
7.1402724738e+01	2.2940901507e+04
7.1657309766e+01	2.3062889797e+04
7.1912789976e+01	2.3185529824e+04
7.2169168514e+01	2.3308825098e+04
7.2426448540e+01	2.3432779147e+04
7.2684633222e+01	2.3557395516e+04
7.2943725743e+01	2.3682677773e+04
7.3203729294e+01	2.3808629502e+04
7.3464647079e+01	2.3935254309e+04
7.3726482312e+01	2.4062555819e+04
7.3989238220e+01	2.4190537676e+04
7.4252918039e+01	2.4319203544e+04
7.4517525018e+01	2.4448557109e+04
7.4783062418e+01	2.4578602074e+04
7.5049533510e+01	2.4709342164e+04
7.5316941577e+01	2.4840781124e+04
7.5585289914e+01	2.4972922719e+04
7.5854581827e+01	2.5105770736e+04
7.6124820633e+01	2.5239328981e+04
7.6396009663e+01	2.5373601282e+04
7.6668152257e+01	2.5508591486e+04
7.6941251769e+01	2.5644303463e+04
7.7215311563e+01	2.5780741104e+04
7.7490335015e+01	2.5917908320e+04
7.7766325515e+01	2.6055809043e+04
7.8043286463e+01	2.6194447229e+04
7.8321221270e+01	2.6333826854e+04
7.8600133361e+01	2.6473951915e+04
7.8880026174e+01	2.6614826433e+04
7.9160903155e+01	2.6756454447e+04
7.9442767766e+01	2.6898840023e+04
7.9725623479e+01	2.7041987246e+04
8.0009473779e+01	2.7185900224e+04
8.0294322164e+01	2.7330583088e+04
8.0580172143e+01	2.7476039991e+04
8.0867027238e+01	2.7622275109e+04
8.1154890983e+01	2.7769292641e+04
8.1443766924e+01	2.7917096808e+04
8.1733658622e+01	2.8065691855e+04
8.2024569646e+01	2.8215082051e+04
8.2316503583e+01	2.8365271686e+04
8.2609464028e+01	2.8516265075e+04
8.2903454591e+01	2.8668066557e+04
8.3198478894e+01	2.8820680494e+04
8.3494540571e+01	2.8974111271e+04
8.3791643272e+01	2.9128363300e+04
8.4089790655e+01	2.9283441013e+04
8.4388986395e+01	2.9439348870e+04
8.4689234178e+01	2.9596091353e+04
8.4990537702e+01	2.9753672970e+04
8.5292900681e+01	2.9912098253e+04
8.5596326839e+01	3.0071371758e+04
8.5900819915e+01	3.0231498067e+04
8.6206383660e+01	3.0392481787e+04
8.6513021839e+01	3.0554327551e+04
8.6820738230e+01	3.0717040016e+04
8.7129536625e+01	3.0880623865e+04
8.7439420827e+01	3.1045083807e+04
8.7750394656e+01	3.1210424575e+04
8.8062461941e+01	3.1376650931e+04
8.8375626529e+01	3.1543767662e+04
8.8689892276e+01	3.1711779579e+04
8.9005263057e+01	3.1880691523e+04
8.9321742755e+01	3.2050508359e+04
8.9639335270e+01	3.2221234979e+04
8.9958044516e+01	3.2392876302e+04
9.0277874418e+01	3.2565437275e+04
9.0598828918e+01	3.2738922871e+04
9.0920911969e+01	3.2913338092e+04
9.1244127540e+01	3.3088687963e+04
9.1568479613e+01	3.3264977543e+04
9.1893972184e+01	3.3442211914e+04
9.2220609263e+01	3.3620396186e+04
9.2548394876e+01	3.3799535501e+04
9.2877333060e+01	3.3979635025e+04
9.3207427868e+01	3.4160699954e+04
9.3538683367e+01	3.4342735514e+04
9.3871103639e+01	3.4525746956e+04
9.4204692778e+01	3.4709739564e+04
9.4539454896e+01	3.4894718648e+04
9.4875394116e+01	3.5080689548e+04
9.5212514577e+01	3.5267657635e+04
9.5550820433e+01	3.5455628308e+04
9.5890315853e+01	3.5644606994e+04
9.6231005018e+01	3.5834599154e+04
9.6572892126e+01	3.6025610276e+04
9.6915981390e+01	3.6217645878e+04
9.7260277037e+01	3.6410711510e+04
9.7605783308e+01	3.6604812751e+04
9.7952504461e+01	3.6799955213e+04
9.8300444766e+01	3.6996144536e+04
9.8649608512e+01	3.7193386393e+04
9.9000000000e+01	3.7391686487e+04
