5.6859800000e-06	1.0000000000e+00	1.0000000000e+00	0.0000000000e+00	0.0000000000e+00	0.0000000000e+00	1.0000000000e+00	
6.2839800000e-06	1.0000000000e+00	1.0000000000e+00	0.0000000000e+00	0.0000000000e+00	0.0000000000e+00	1.0000000000e+00	
6.9448700000e-06	1.0000000000e+00	1.0000000000e+00	0.0000000000e+00	0.0000000000e+00	0.0000000000e+00	1.0000000000e+00	
7.6752700000e-06	1.0000000000e+00	1.0000000000e+00	0.0000000000e+00	0.0000000000e+00	0.0000000000e+00	1.0000000000e+00	
8.4824900000e-06	1.0000000000e+00	1.0000000000e+00	0.0000000000e+00	0.0000000000e+00	0.0000000000e+00	1.0000000000e+00	
9.3746000000e-06	1.0000000000e+00	1.0000000000e+00	0.0000000000e+00	0.0000000000e+00	0.0000000000e+00	1.0000000000e+00	
1.0360500000e-05	1.0000000000e+00	1.0000000000e+00	0.0000000000e+00	0.0000000000e+00	0.0000000000e+00	1.0000000000e+00	
1.1450200000e-05	1.0000000000e+00	1.0000000000e+00	0.0000000000e+00	0.0000000000e+00	0.0000000000e+00	1.0000000000e+00	
1.2654400000e-05	1.0000000005e+00	9.9999999654e-01	0.0000000000e+00	0.0000000000e+00	0.0000000000e+00	1.0000000000e+00	
1.3985300000e-05	1.0000000011e+00	9.9999999280e-01	0.0000000000e+00	0.0000000000e+00	0.0000000000e+00	1.0000000000e+00	
1.5456100000e-05	1.0000000005e+00	9.9999999651e-01	0.0000000000e+00	0.0000000000e+00	0.0000000000e+00	1.0000000000e+00	
1.7081600000e-05	1.0000000016e+00	9.9999998938e-01	0.0000000000e+00	0.0000000000e+00	0.0000000000e+00	1.0000000000e+00	
1.8878100000e-05	1.0000000005e+00	9.9999999646e-01	0.0000000000e+00	0.0000000000e+00	0.0000000000e+00	1.0000000000e+00	
2.0863500000e-05	1.0000000005e+00	9.9999999648e-01	0.0000000000e+00	0.0000000000e+00	0.0000000000e+00	1.0000000000e+00	
2.3057800000e-05	1.0000000006e+00	9.9999999642e-01	0.0000000000e+00	0.0000000000e+00	0.0000000000e+00	1.0000000000e+00	
2.5482800000e-05	1.0000000005e+00	9.9999999655e-01	0.0000000000e+00	0.0000000000e+00	0.0000000000e+00	1.0000000000e+00	
2.8162800000e-05	9.9999930499e-01	1.0000045176e+00	0.0000000000e+00	0.0000000000e+00	0.0000000000e+00	1.0000000000e+00	
3.1124800000e-05	1.0000000027e+00	9.9999998221e-01	0.0000000000e+00	0.0000000000e+00	0.0000000000e+00	1.0000000000e+00	
3.4398200000e-05	1.0000000044e+00	9.9999997155e-01	0.0000000000e+00	0.0000000000e+00	0.0000000000e+00	1.0000000000e+00	
3.8015900000e-05	1.0000000044e+00	9.9999997153e-01	0.0000000000e+00	0.0000000000e+00	0.0000000000e+00	1.0000000000e+00	
4.2014000000e-05	1.0000000044e+00	9.9999997161e-01	0.0000000000e+00	0.0000000000e+00	0.0000000000e+00	1.0000000000e+00	
4.6432700000e-05	9.9999994878e-01	1.0000003330e+00	0.0000000000e+00	0.0000000000e+00	0.0000000000e+00	1.0000000000e+00	
5.1316000000e-05	1.0000000077e+00	9.9999995013e-01	0.0000000000e+00	0.0000000000e+00	0.0000000000e+00	1.0000000000e+00	
5.6713000000e-05	1.0000000525e+00	9.9999965874e-01	0.0000000000e+00	0.0000000000e+00	0.0000000000e+00	1.0000000000e+00	
6.2677600000e-05	9.9999995593e-01	1.0000002865e+00	0.0000000000e+00	0.0000000000e+00	0.0000000000e+00	1.0000000000e+00	
6.9269400000e-05	1.0000000547e+00	9.9999964463e-01	0.0000000000e+00	0.0000000000e+00	0.0000000000e+00	1.0000000000e+00	
7.6554500000e-05	1.0000000613e+00	9.9999960177e-01	0.0000000000e+00	0.0000000000e+00	0.0000000000e+00	1.0000000000e+00	
8.4605800000e-05	9.9999936836e-01	1.0000041057e+00	0.0000000000e+00	0.0000000000e+00	0.0000000000e+00	1.0000000000e+00	
9.3503900000e-05	9.9999937003e-01	1.0000040948e+00	0.0000000000e+00	0.0000000000e+00	0.0000000000e+00	1.0000000000e+00	
1.0333800000e-04	1.0000007111e+00	9.9999537765e-01	0.0000000000e+00	0.0000000000e+00	0.0000000000e+00	1.0000000000e+00	
1.1420600000e-04	1.0000006616e+00	9.9999569976e-01	0.0000000000e+00	0.0000000000e+00	0.0000000000e+00	1.0000000000e+00	
1.2621700000e-04	1.0000006698e+00	9.9999564616e-01	0.0000000000e+00	0.0000000000e+00	0.0000000000e+00	1.0000000000e+00	
1.3949100000e-04	9.9999933733e-01	1.0000043073e+00	0.0000000000e+00	0.0000000000e+00	0.0000000000e+00	1.0000000000e+00	
1.5416200000e-04	1.0000000280e+00	9.9999981812e-01	0.0000000000e+00	0.0000000000e+00	0.0000000000e+00	1.0000000000e+00	
1.7037500000e-04	1.0000006903e+00	9.9999551275e-01	0.0000000000e+00	0.0000000000e+00	0.0000000000e+00	1.0000000000e+00	
1.8829400000e-04	1.0000000548e+00	9.9999964389e-01	0.0000000000e+00	0.0000000000e+00	0.0000000000e+00	1.0000000000e+00	
2.0809700000e-04	1.0000000626e+00	9.9999959284e-01	0.0000000000e+00	0.0000000000e+00	0.0000000000e+00	1.0000000000e+00	
2.2998300000e-04	1.0000000749e+00	9.9999951322e-01	0.0000000000e+00	0.0000000000e+00	0.0000000000e+00	1.0000000000e+00	
2.5417000000e-04	1.0000000948e+00	9.9999938402e-01	0.0000000000e+00	0.0000000000e+00	0.0000000000e+00	1.0000000000e+00	
2.8090100000e-04	1.0000007582e+00	9.9999507163e-01	0.0000000000e+00	0.0000000000e+00	0.0000000000e+00	1.0000000000e+00	
3.1044400000e-04	1.0000008361e+00	9.9999456555e-01	0.0000000000e+00	0.0000000000e+00	0.0000000000e+00	1.0000000000e+00	
3.4309400000e-04	1.0000001777e+00	9.9999884506e-01	0.0000000000e+00	0.0000000000e+00	0.0000000000e+00	1.0000000000e+00	
3.7917700000e-04	1.0000002084e+00	9.9999864512e-01	0.0000000000e+00	0.0000000000e+00	0.0000000000e+00	1.0000000000e+00	
4.1905600000e-04	1.0000002539e+00	9.9999834946e-01	0.0000000000e+00	0.0000000000e+00	0.0000000000e+00	1.0000000000e+00	
4.6312800000e-04	1.0000003624e+00	9.9999764431e-01	0.0000000000e+00	0.0000000000e+00	0.0000000000e+00	1.0000000000e+00	
5.1183600000e-04	9.9999973612e-01	1.0000017152e+00	0.0000000000e+00	0.0000000000e+00	0.0000000000e+00	1.0000000000e+00	
5.6566600000e-04	1.0000011616e+00	9.9999244935e-01	0.0000000000e+00	0.0000000000e+00	0.0000000000e+00	1.0000000000e+00	
6.2515700000e-04	1.0000012576e+00	9.9999182586e-01	0.0000000000e+00	0.0000000000e+00	0.0000000000e+00	1.0000000000e+00	
6.9090600000e-04	1.0000006980e+00	9.9999546311e-01	0.0000000000e+00	0.0000000000e+00	0.0000000000e+00	1.0000000000e+00	
7.6356900000e-04	1.0000015425e+00	9.9998997407e-01	0.0000000000e+00	0.0000000000e+00	0.0000000000e+00	1.0000000000e+00	
8.4387400000e-04	1.0000016826e+00	9.9998906282e-01	0.0000000000e+00	0.0000000000e+00	0.0000000000e+00	1.0000000000e+00	
9.3262500000e-04	1.0000012635e+00	9.9999178695e-01	0.0000000000e+00	0.0000000000e+00	0.0000000000e+00	1.0000000000e+00	
1.0307100000e-03	1.0000021905e+00	9.9998576149e-01	0.0000000000e+00	0.0000000000e+00	0.0000000000e+00	1.0000000000e+00	
1.1391100000e-03	1.0000025366e+00	9.9998351221e-01	0.0000000000e+00	0.0000000000e+00	0.0000000000e+00	1.0000000000e+00	
1.2589100000e-03	1.0000023127e+00	9.9998496741e-01	0.0000000000e+00	0.0000000000e+00	0.0000000000e+00	1.0000000000e+00	
1.3913100000e-03	1.0000041660e+00	9.9997292102e-01	0.0000000000e+00	0.0000000000e+00	0.0000000000e+00	1.0000000000e+00	
1.5376400000e-03	1.0000048014e+00	9.9996879113e-01	0.0000000000e+00	0.0000000000e+00	0.0000000000e+00	1.0000000000e+00	
1.6993500000e-03	1.0000062737e+00	9.9995922088e-01	0.0000000000e+00	0.0000000000e+00	0.0000000000e+00	1.0000000000e+00	
1.8780800000e-03	1.0000072122e+00	9.9995312095e-01	0.0000000000e+00	0.0000000000e+00	0.0000000000e+00	1.0000000000e+00	
2.0756000000e-03	1.0000096814e+00	9.9993707086e-01	0.0000000000e+00	0.0000000000e+00	0.0000000000e+00	1.0000000000e+00	
2.2938900000e-03	1.0000111484e+00	9.9992753572e-01	0.0000000000e+00	0.0000000000e+00	0.0000000000e+00	1.0000000000e+00	
2.5351400000e-03	1.0000135422e+00	9.9991197552e-01	0.0000000000e+00	0.0000000000e+00	0.0000000000e+00	1.0000000000e+00	
2.8017600000e-03	1.0000170548e+00	9.9988914350e-01	0.0000000000e+00	0.0000000000e+00	0.0000000000e+00	1.0000000000e+00	
3.0964200000e-03	1.0000196878e+00	9.9987202943e-01	0.0000000000e+00	0.0000000000e+00	0.0000000000e+00	1.0000000000e+00	
3.4220800000e-03	1.0000250244e+00	9.9983734109e-01	0.0000000000e+00	0.0000000000e+00	0.0000000000e+00	1.0000000000e+00	
3.7819800000e-03	1.0000304100e+00	9.9980233487e-01	0.0000000000e+00	0.0000000000e+00	0.0000000000e+00	1.0000000000e+00	
4.1797400000e-03	1.0000374142e+00	9.9975680781e-01	0.0000000000e+00	0.0000000000e+00	0.0000000000e+00	1.0000000000e+00	
4.6193200000e-03	1.0000449222e+00	9.9970800555e-01	0.0000000000e+00	0.0000000000e+00	0.0000000000e+00	1.0000000000e+00	
5.1051400000e-03	1.0000553066e+00	9.9964050693e-01	0.0000000000e+00	0.0000000000e+00	0.0000000000e+00	1.0000000000e+00	
5.6420500000e-03	1.0000682225e+00	9.9955655358e-01	0.0000000000e+00	0.0000000000e+00	0.0000000000e+00	1.0000000000e+00	
6.2354300000e-03	1.0000834738e+00	9.9945742049e-01	0.0000000000e+00	0.0000000000e+00	0.0000000000e+00	1.0000000000e+00	
6.8912200000e-03	1.0001022193e+00	9.9933557449e-01	0.0000000000e+00	0.0000000000e+00	0.0000000000e+00	1.0000000000e+00	
7.6159800000e-03	1.0001260909e+00	9.9918040936e-01	0.0000000000e+00	0.0000000000e+00	0.0000000000e+00	1.0000000000e+00	
8.4169600000e-03	1.0001542581e+00	9.9899732265e-01	0.0000000000e+00	0.0000000000e+00	0.0000000000e+00	1.0000000000e+00	
9.3021700000e-03	1.0001893002e+00	9.9876954862e-01	0.0000000000e+00	0.0000000000e+00	0.0000000000e+00	1.0000000000e+00	
1.0280500000e-02	1.0002317881e+00	9.9849337742e-01	0.0000000000e+00	0.0000000000e+00	0.0000000000e+00	1.0000000000e+00	
1.1361700000e-02	1.0002848309e+00	9.9814859910e-01	0.0000000000e+00	0.0000000000e+00	0.0000000000e+00	1.0000000000e+00	
1.2556600000e-02	1.0003486284e+00	9.9773391522e-01	0.0000000000e+00	0.0000000000e+00	0.0000000000e+00	1.0000000000e+00	
1.3877200000e-02	1.0004261234e+00	9.9723019812e-01	0.0000000000e+00	0.0000000000e+00	0.0000000000e+00	1.0000000000e+00	
1.5336700000e-02	1.0005199453e+00	9.9662035569e-01	0.0000000000e+00	0.0000000000e+00	0.0000000000e+00	1.0000000000e+00	
1.6949700000e-02	1.0006316981e+00	9.9589396209e-01	0.0000000000e+00	0.0000000000e+00	0.0000000000e+00	1.0000000000e+00	
1.8732300000e-02	1.0007653162e+00	9.9502544497e-01	0.0000000000e+00	0.0000000000e+00	0.0000000000e+00	1.0000000000e+00	
2.0702400000e-02	1.0009222660e+00	9.9400527128e-01	0.0000000000e+00	0.0000000000e+00	0.0000000000e+00	1.0000000000e+00	
2.2879700000e-02	1.0011010229e+00	9.9284335134e-01	0.0000000000e+00	0.0000000000e+00	0.0000000000e+00	1.0000000000e+00	
2.5285900000e-02	1.0013021324e+00	9.9153613970e-01	0.0000000000e+00	0.0000000000e+00	0.0000000000e+00	1.0000000000e+00	
2.7945300000e-02	1.0015173808e+00	9.9013702462e-01	0.0000000000e+00	0.0000000000e+00	0.0000000000e+00	1.0000000000e+00	
3.0884300000e-02	1.0017309562e+00	9.8874878459e-01	0.0000000000e+00	0.0000000000e+00	0.0000000000e+00	1.0000000000e+00	
3.4132400000e-02	1.0019207109e+00	9.8751537900e-01	0.0000000000e+00	0.0000000000e+00	0.0000000000e+00	1.0000000000e+00	
3.7722200000e-02	1.0020553368e+00	9.8664031074e-01	0.0000000000e+00	0.0000000000e+00	0.0000000000e+00	1.0000000000e+00	
4.1689500000e-02	1.0020934098e+00	9.8639283625e-01	0.0000000000e+00	0.0000000000e+00	0.0000000000e+00	1.0000000000e+00	
4.6074000000e-02	1.0020004430e+00	9.8699712062e-01	0.0000000000e+00	0.0000000000e+00	0.0000000000e+00	1.0000000000e+00	
5.0919600000e-02	1.0017731576e+00	9.8847447529e-01	0.0000000000e+00	0.0000000000e+00	0.0000000000e+00	1.0000000000e+00	
5.6274900000e-02	1.0014576025e+00	9.9052558407e-01	0.0000000000e+00	0.0000000000e+00	0.0000000000e+00	1.0000000000e+00	
6.2193400000e-02	1.0011605051e+00	9.9245671667e-01	0.0000000000e+00	0.0000000000e+00	0.0000000000e+00	1.0000000000e+00	
6.8734300000e-02	1.0010160230e+00	9.9339585056e-01	0.0000000000e+00	0.0000000000e+00	0.0000000000e+00	1.0000000000e+00	
7.5963200000e-02	1.0011285684e+00	9.9266430508e-01	0.0000000000e+00	0.0000000000e+00	0.0000000000e+00	1.0000000000e+00	
8.3952200000e-02	1.0014873909e+00	9.9033195899e-01	0.0000000000e+00	0.0000000000e+00	0.0000000000e+00	1.0000000000e+00	
9.2781600000e-02	1.0018828006e+00	9.8776179626e-01	0.0000000000e+00	0.0000000000e+00	0.0000000000e+00	1.0000000000e+00	
1.0254000000e-01	1.0019593882e+00	9.8726397686e-01	0.0000000000e+00	0.0000000000e+00	0.0000000000e+00	1.0000000000e+00	
1.1332400000e-01	1.0015819135e+00	9.8971756218e-01	0.0000000000e+00	0.0000000000e+00	0.0000000000e+00	1.0000000000e+00	
1.2524200000e-01	1.0011788800e+00	9.9233728018e-01	0.0000000000e+00	0.0000000000e+00	0.0000000000e+00	1.0000000000e+00	
1.3841400000e-01	1.0012895665e+00	9.9161781760e-01	0.0000000000e+00	0.0000000000e+00	0.0000000000e+00	1.0000000000e+00	
1.5297100000e-01	1.0017408616e+00	9.8868439932e-01	0.0000000000e+00	0.0000000000e+00	0.0000000000e+00	1.0000000000e+00	
1.6905900000e-01	1.0017019426e+00	9.8893737301e-01	0.0000000000e+00	0.0000000000e+00	0.0000000000e+00	1.0000000000e+00	
1.8683900000e-01	1.0013148908e+00	9.9145320970e-01	0.0000000000e+00	0.0000000000e+00	0.0000000000e+00	1.0000000000e+00	
2.0648900000e-01	1.0014912337e+00	9.9030698101e-01	0.0000000000e+00	0.0000000000e+00	0.0000000000e+00	1.0000000000e+00	
2.2820600000e-01	1.0016418610e+00	9.8932790330e-01	0.0000000000e+00	0.0000000000e+00	0.0000000000e+00	1.0000000000e+00	
2.5220700000e-01	1.0014032352e+00	9.9087897145e-01	0.0000000000e+00	0.0000000000e+00	0.0000000000e+00	1.0000000000e+00	
2.7873100000e-01	1.0015663844e+00	9.8981850139e-01	0.0000000000e+00	0.0000000000e+00	0.0000000000e+00	1.0000000000e+00	
3.0804600000e-01	1.0014787456e+00	9.9038815345e-01	0.0000000000e+00	0.0000000000e+00	0.0000000000e+00	1.0000000000e+00	
3.4044300000e-01	1.0015277474e+00	9.9006964202e-01	0.0000000000e+00	0.0000000000e+00	0.0000000000e+00	1.0000000000e+00	
3.7624800000e-01	1.0014891409e+00	9.9032058401e-01	0.0000000000e+00	0.0000000000e+00	0.0000000000e+00	1.0000000000e+00	
4.1581800000e-01	1.0015171503e+00	9.9013852317e-01	0.0000000000e+00	0.0000000000e+00	0.0000000000e+00	1.0000000000e+00	
4.5955000000e-01	1.0015032940e+00	9.9022858920e-01	0.0000000000e+00	0.0000000000e+00	0.0000000000e+00	1.0000000000e+00	
5.0788200000e-01	1.0015024556e+00	9.9023403868e-01	0.0000000000e+00	0.0000000000e+00	0.0000000000e+00	1.0000000000e+00	
5.6129600000e-01	1.0015042734e+00	9.9022222303e-01	0.0000000000e+00	0.0000000000e+00	0.0000000000e+00	1.0000000000e+00	
6.2032800000e-01	1.0015042002e+00	9.9022269886e-01	0.0000000000e+00	0.0000000000e+00	0.0000000000e+00	1.0000000000e+00	
6.8556900000e-01	1.0015037457e+00	9.9022565279e-01	0.0000000000e+00	0.0000000000e+00	0.0000000000e+00	1.0000000000e+00	
7.5767100000e-01	1.0015035608e+00	9.9022685489e-01	0.0000000000e+00	0.0000000000e+00	0.0000000000e+00	1.0000000000e+00	
8.3735500000e-01	1.0015037140e+00	9.9022585879e-01	0.0000000000e+00	0.0000000000e+00	0.0000000000e+00	1.0000000000e+00	
9.2542100000e-01	1.0015033731e+00	9.9022807494e-01	0.0000000000e+00	0.0000000000e+00	0.0000000000e+00	1.0000000000e+00	
1.0227500000e+00	1.0015033429e+00	9.9022827121e-01	0.0000000000e+00	0.0000000000e+00	0.0000000000e+00	1.0000000000e+00	
1.1303100000e+00	1.0015035107e+00	9.9022718015e-01	0.0000000000e+00	0.0000000000e+00	0.0000000000e+00	1.0000000000e+00	
1.2491900000e+00	1.0015029928e+00	9.9023054695e-01	0.0000000000e+00	0.0000000000e+00	0.0000000000e+00	1.0000000000e+00	
1.3805700000e+00	1.0015027775e+00	9.9023194649e-01	0.0000000000e+00	0.0000000000e+00	0.0000000000e+00	1.0000000000e+00	
1.5257600000e+00	1.0015026535e+00	9.9023275255e-01	0.0000000000e+00	0.0000000000e+00	0.0000000000e+00	1.0000000000e+00	
1.6862300000e+00	1.0015025651e+00	9.9023332692e-01	0.0000000000e+00	0.0000000000e+00	0.0000000000e+00	1.0000000000e+00	
1.8635700000e+00	1.0015024305e+00	9.9023420156e-01	0.0000000000e+00	0.0000000000e+00	0.0000000000e+00	1.0000000000e+00	
2.0595600000e+00	1.0015019982e+00	9.9023701174e-01	0.0000000000e+00	0.0000000000e+00	0.0000000000e+00	1.0000000000e+00	
2.2761700000e+00	1.0015020623e+00	9.9023659515e-01	0.0000000000e+00	0.0000000000e+00	0.0000000000e+00	1.0000000000e+00	
2.5155500000e+00	1.0015019451e+00	9.9023735674e-01	0.0000000000e+00	0.0000000000e+00	0.0000000000e+00	1.0000000000e+00	
2.7801200000e+00	1.0015010806e+00	9.9024297601e-01	0.0000000000e+00	0.0000000000e+00	0.0000000000e+00	1.0000000000e+00	
3.0725000000e+00	1.0015020661e+00	9.9023657057e-01	0.0000000000e+00	0.0000000000e+00	0.0000000000e+00	1.0000000000e+00	
3.3956400000e+00	1.0015028344e+00	9.9023157672e-01	0.0000000000e+00	0.0000000000e+00	0.0000000000e+00	1.0000000000e+00	
3.7527600000e+00	1.0015020980e+00	9.9023636302e-01	0.0000000000e+00	0.0000000000e+00	0.0000000000e+00	1.0000000000e+00	
4.1474500000e+00	1.0015013381e+00	9.9024130231e-01	0.0000000000e+00	0.0000000000e+00	0.0000000000e+00	1.0000000000e+00	
4.5836400000e+00	1.0015024986e+00	9.9023375924e-01	0.0000000000e+00	0.0000000000e+00	0.0000000000e+00	1.0000000000e+00	
5.0657000000e+00	1.0015019675e+00	9.9023721157e-01	0.0000000000e+00	0.0000000000e+00	0.0000000000e+00	1.0000000000e+00	
5.5984700000e+00	1.0015020937e+00	9.9023639107e-01	0.0000000000e+00	0.0000000000e+00	0.0000000000e+00	1.0000000000e+00	
6.1872600000e+00	1.0015019327e+00	9.9023743741e-01	0.0000000000e+00	0.0000000000e+00	0.0000000000e+00	1.0000000000e+00	
6.8379900000e+00	1.0015019354e+00	9.9023741987e-01	0.0000000000e+00	0.0000000000e+00	0.0000000000e+00	1.0000000000e+00	
7.5571400000e+00	1.0015028849e+00	9.9023124786e-01	0.0000000000e+00	0.0000000000e+00	0.0000000000e+00	1.0000000000e+00	
8.3519300000e+00	1.0015029696e+00	9.9023069736e-01	0.0000000000e+00	0.0000000000e+00	0.0000000000e+00	1.0000000000e+00	
9.2303200000e+00	1.0015035664e+00	9.9022681834e-01	0.0000000000e+00	0.0000000000e+00	0.0000000000e+00	1.0000000000e+00	
1.0201100000e+01	1.0015031566e+00	9.9022948233e-01	0.0000000000e+00	0.0000000000e+00	0.0000000000e+00	1.0000000000e+00	
1.1273900000e+01	1.0015046773e+00	9.9021959758e-01	0.0000000000e+00	0.0000000000e+00	0.0000000000e+00	1.0000000000e+00	
1.2459600000e+01	1.0015039633e+00	9.9022423864e-01	0.0000000000e+00	0.0000000000e+00	0.0000000000e+00	1.0000000000e+00	
1.3770000000e+01	1.0015058666e+00	9.9021186715e-01	0.0000000000e+00	0.0000000000e+00	0.0000000000e+00	1.0000000000e+00	
1.5218200000e+01	1.0015060947e+00	9.9021038452e-01	0.0000000000e+00	0.0000000000e+00	0.0000000000e+00	1.0000000000e+00	
1.6818700000e+01	1.0015074739e+00	9.9020141989e-01	0.0000000000e+00	0.0000000000e+00	0.0000000000e+00	1.0000000000e+00	
1.8587600000e+01	1.0015086103e+00	9.9019403304e-01	0.0000000000e+00	0.0000000000e+00	0.0000000000e+00	1.0000000000e+00	
2.0542400000e+01	1.0015104779e+00	9.9018189347e-01	0.0000000000e+00	0.0000000000e+00	0.0000000000e+00	1.0000000000e+00	
2.2702900000e+01	1.0015126545e+00	9.9016774572e-01	0.0000000000e+00	0.0000000000e+00	0.0000000000e+00	1.0000000000e+00	
2.5090600000e+01	1.0015153707e+00	9.9015009066e-01	0.0000000000e+00	0.0000000000e+00	0.0000000000e+00	1.0000000000e+00	
2.7729400000e+01	1.0015185188e+00	9.9012962775e-01	0.0000000000e+00	0.0000000000e+00	0.0000000000e+00	1.0000000000e+00	
3.0645700000e+01	1.0015230129e+00	9.9010041602e-01	0.0000000000e+00	0.0000000000e+00	0.0000000000e+00	1.0000000000e+00	
3.3868700000e+01	1.0015271920e+00	9.9007325210e-01	0.0000000000e+00	0.0000000000e+00	0.0000000000e+00	1.0000000000e+00	
3.7430800000e+01	1.0015331260e+00	9.9003468127e-01	0.0000000000e+00	0.0000000000e+00	0.0000000000e+00	1.0000000000e+00	
4.1367400000e+01	1.0015411048e+00	9.8998281891e-01	0.0000000000e+00	0.0000000000e+00	0.0000000000e+00	1.0000000000e+00	
4.5718000000e+01	1.0015501597e+00	9.8992396189e-01	0.0000000000e+00	0.0000000000e+00	0.0000000000e+00	1.0000000000e+00	
5.0526300000e+01	1.0015613730e+00	9.8985107572e-01	0.0000000000e+00	0.0000000000e+00	0.0000000000e+00	1.0000000000e+00	
