5.6859800000e-06	1.2722540620e+00
6.2839800000e-06	1.2722540620e+00
6.9448700000e-06	1.2722540620e+00
7.6752700000e-06	1.2722540620e+00
8.4824900000e-06	1.2722540580e+00
9.3746000000e-06	1.2722540620e+00
1.0360500000e-05	1.2722540541e+00
1.1450200000e-05	1.2722540502e+00
1.2654400000e-05	1.2722540497e+00
1.3985300000e-05	1.2722540453e+00
1.5456100000e-05	1.2722540378e+00
1.7081600000e-05	1.2722540250e+00
1.8878100000e-05	1.2722540142e+00
2.0863500000e-05	1.2722540103e+00
2.3057800000e-05	1.2722540064e+00
2.5482800000e-05	1.2722540024e+00
2.8162800000e-05	1.2722546647e+00
3.1124800000e-05	1.2722543582e+00
3.4398200000e-05	1.2722543329e+00
3.8015900000e-05	1.2722542935e+00
4.2014000000e-05	1.2722542422e+00
4.6432700000e-05	1.2722542602e+00
5.1316000000e-05	1.2722545497e+00
5.6713000000e-05	1.2722544662e+00
6.2677600000e-05	1.2722544457e+00
6.9269400000e-05	1.2722546721e+00
7.6554500000e-05	1.2722549450e+00
8.4605800000e-05	1.2722508151e+00
9.3503900000e-05	1.2722510136e+00
1.0333800000e-04	1.2722549235e+00
1.1420600000e-04	1.2722550605e+00
1.2621700000e-04	1.2722555046e+00
1.3949100000e-04	1.2722525010e+00
1.5416200000e-04	1.2722522111e+00
1.7037500000e-04	1.2722524695e+00
1.8829400000e-04	1.2722539404e+00
2.0809700000e-04	1.2722499664e+00
2.2998300000e-04	1.2722512140e+00
2.5417000000e-04	1.2722479592e+00
2.8090100000e-04	1.2722492037e+00
3.1044400000e-04	1.2722468180e+00
3.4309400000e-04	1.2722454010e+00
3.7917700000e-04	1.2722390294e+00
4.1905600000e-04	1.2722431848e+00
4.6312800000e-04	1.2722387872e+00
5.1183600000e-04	1.2722309771e+00
5.6566600000e-04	1.2722324293e+00
6.2515700000e-04	1.2722271985e+00
6.9090600000e-04	1.2722150062e+00
7.6356900000e-04	1.2722086553e+00
8.4387400000e-04	1.2721964821e+00
9.3262500000e-04	1.2721837118e+00
1.0307100000e-03	1.2721691961e+00
1.1391100000e-03	1.2721513781e+00
1.2589100000e-03	1.2721260731e+00
1.3913100000e-03	1.2721019201e+00
1.5376400000e-03	1.2720646120e+00
1.6993500000e-03	1.2720287661e+00
1.8780800000e-03	1.2719782477e+00
2.0756000000e-03	1.2719240419e+00
2.2938900000e-03	1.2718573858e+00
2.5351400000e-03	1.2717701548e+00
2.8017600000e-03	1.2716771376e+00
3.0964200000e-03	1.2715600909e+00
3.4220800000e-03	1.2714270506e+00
3.7819800000e-03	1.2712766359e+00
4.1797400000e-03	1.2710992374e+00
4.6193200000e-03	1.2708980661e+00
5.1051400000e-03	1.2706836105e+00
5.6420500000e-03	1.2704529645e+00
6.2354300000e-03	1.2702134419e+00
6.8912200000e-03	1.2699744864e+00
7.6159800000e-03	1.2697505922e+00
8.4169600000e-03	1.2695465674e+00
9.3021700000e-03	1.2693736637e+00
1.0280500000e-02	1.2692398703e+00
1.1361700000e-02	1.2691332639e+00
1.2556600000e-02	1.2690500225e+00
1.3877200000e-02	1.2689720882e+00
1.5336700000e-02	1.2689002906e+00
1.6949700000e-02	1.2688338630e+00
1.8732300000e-02	1.2687811303e+00
2.0702400000e-02	1.2687410198e+00
2.2879700000e-02	1.2686975597e+00
2.5285900000e-02	1.2686703687e+00
2.7945300000e-02	1.2686442855e+00
3.0884300000e-02	1.2686137358e+00
3.4132400000e-02	1.2685845838e+00
3.7722200000e-02	1.2685702990e+00
4.1689500000e-02	1.2685603574e+00
4.6074000000e-02	1.2685511822e+00
5.0919600000e-02	1.2685484372e+00
5.6274900000e-02	1.2685473752e+00
6.2193400000e-02	1.2685478626e+00
6.8734300000e-02	1.2685431168e+00
7.5963200000e-02	1.2685375528e+00
8.3952200000e-02	1.2685230729e+00
9.2781600000e-02	1.2685086364e+00
1.0254000000e-01	1.2685082849e+00
1.1332400000e-01	1.2685202601e+00
1.2524200000e-01	1.2685241959e+00
1.3841400000e-01	1.2685216625e+00
1.5297100000e-01	1.2685048946e+00
1.6905900000e-01	1.2685080813e+00
1.8683900000e-01	1.2685199389e+00
2.0648900000e-01	1.2685094896e+00
2.2820600000e-01	1.2685104389e+00
2.5220700000e-01	1.2685129267e+00
2.7873100000e-01	1.2685071443e+00
3.0804600000e-01	1.2685098955e+00
3.4044300000e-01	1.2685087095e+00
3.7624800000e-01	1.2685088024e+00
4.1581800000e-01	1.2685064604e+00
4.5955000000e-01	1.2685065225e+00
5.0788200000e-01	1.2685067440e+00
5.6129600000e-01	1.2685056244e+00
6.2032800000e-01	1.2685059987e+00
6.8556900000e-01	1.2685083057e+00
7.5767100000e-01	1.2685040804e+00
8.3735500000e-01	1.2685119534e+00
9.2542100000e-01	1.2685087343e+00
1.0227500000e+00	1.2685078747e+00
1.1303100000e+00	1.2685099401e+00
1.2491900000e+00	1.2685072200e+00
1.3805700000e+00	1.2685058310e+00
1.5257600000e+00	1.2685058242e+00
1.6862300000e+00	1.2685057103e+00
1.8635700000e+00	1.2685061721e+00
2.0595600000e+00	1.2685052752e+00
2.2761700000e+00	1.2685061267e+00
2.5155500000e+00	1.2685078663e+00
2.7801200000e+00	1.2685031516e+00
3.0725000000e+00	1.2685097584e+00
3.3956400000e+00	1.2685083837e+00
3.7527600000e+00	1.2685076407e+00
4.1474500000e+00	1.2685021381e+00
4.5836400000e+00	1.2685101884e+00
5.0657000000e+00	1.2685049476e+00
5.5984700000e+00	1.2685054654e+00
6.1872600000e+00	1.2685043630e+00
6.8379900000e+00	1.2685041569e+00
7.5571400000e+00	1.2685057289e+00
8.3519300000e+00	1.2685033922e+00
9.2303200000e+00	1.2685056908e+00
1.0201100000e+01	1.2685049953e+00
1.1273900000e+01	1.2685063245e+00
1.2459600000e+01	1.2685014715e+00
1.3770000000e+01	1.2685080604e+00
1.5218200000e+01	1.2685019471e+00
1.6818700000e+01	1.2685015936e+00
1.8587600000e+01	1.2685002264e+00
2.0542400000e+01	1.2685007021e+00
2.2702900000e+01	1.2684990443e+00
2.5090600000e+01	1.2684968998e+00
2.7729400000e+01	1.2684942997e+00
3.0645700000e+01	1.2684963929e+00
3.3868700000e+01	1.2684931412e+00
3.7430800000e+01	1.2684879799e+00
4.1367400000e+01	1.2684860481e+00
4.5718000000e+01	1.2684853166e+00
5.0526300000e+01	1.2684835493e+00
