5.6859800000e-06	4.6148583208e-05
6.2839800000e-06	5.0832451848e-05
6.9448700000e-06	5.5991777410e-05
7.6752700000e-06	6.1674814411e-05
8.4824900000e-06	6.7934547304e-05
9.3746000000e-06	7.4829667861e-05
1.0360500000e-05	8.2424630333e-05
1.1450200000e-05	9.0790389022e-05
1.2654400000e-05	1.0000500489e-04
1.3985300000e-05	1.1015572934e-04
1.5456100000e-05	1.2133607306e-04
1.7081600000e-05	1.3365054923e-04
1.8878100000e-05	1.4721546375e-04
2.0863500000e-05	1.6215711945e-04
2.3057800000e-05	1.7861547873e-04
2.5482800000e-05	1.9674412057e-04
2.8162800000e-05	2.1670971818e-04
3.1124800000e-05	2.3870512151e-04
3.4398200000e-05	2.6293233328e-04
3.8015900000e-05	2.8961778478e-04
4.2014000000e-05	3.1901048407e-04
4.6432700000e-05	3.5138624830e-04
5.1316000000e-05	3.8704448420e-04
5.6713000000e-05	4.2632356460e-04
6.2677600000e-05	4.6958710831e-04
6.9269400000e-05	5.1723691627e-04
7.6554500000e-05	5.6971859626e-04
8.4605800000e-05	6.2756729952e-04
9.3503900000e-05	6.9123713088e-04
1.0333800000e-04	7.6131470396e-04
1.1420600000e-04	8.3854078063e-04
1.2621700000e-04	9.2358424428e-04
1.3949100000e-04	1.0172965151e-03
1.5416200000e-04	1.1204473278e-03
1.7037500000e-04	1.2340208746e-03
1.8829400000e-04	1.3590443300e-03
2.0809700000e-04	1.4968259947e-03
2.2998300000e-04	1.6483726545e-03
2.5417000000e-04	1.8153137780e-03
2.8090100000e-04	1.9989040086e-03
3.1044400000e-04	2.2010384743e-03
3.4309400000e-04	2.4233913818e-03
3.7917700000e-04	2.6681562841e-03
4.1905600000e-04	2.9367944795e-03
4.6312800000e-04	3.2324671639e-03
5.1183600000e-04	3.5575148709e-03
5.6566600000e-04	3.9138673252e-03
6.2515700000e-04	4.3053612220e-03
6.9090600000e-04	4.7352192966e-03
7.6356900000e-04	5.2057892672e-03
8.4387400000e-04	5.7214748990e-03
9.3262500000e-04	6.2855262654e-03
1.0307100000e-03	6.9018773388e-03
1.1391100000e-03	7.5747055764e-03
1.2589100000e-03	8.3087230828e-03
1.3913100000e-03	9.1070085699e-03
1.5376400000e-03	9.9759090019e-03
1.6993500000e-03	1.0917356980e-02
1.8780800000e-03	1.1938225025e-02
2.0756000000e-03	1.3040205488e-02
2.2938900000e-03	1.4228294716e-02
2.5351400000e-03	1.5507633722e-02
2.8017600000e-03	1.6876445559e-02
3.0964200000e-03	1.8340659726e-02
3.4220800000e-03	1.9898029880e-02
3.7819800000e-03	2.1547094635e-02
4.1797400000e-03	2.3287435757e-02
4.6193200000e-03	2.5112205209e-02
5.1051400000e-03	2.7008008762e-02
5.6420500000e-03	2.8963128209e-02
6.2354300000e-03	3.0957209652e-02
6.8912200000e-03	3.2963268036e-02
7.6159800000e-03	3.4945494479e-02
8.4169600000e-03	3.6866788146e-02
9.3021700000e-03	3.8679701524e-02
1.0280500000e-02	4.0332561221e-02
1.1361700000e-02	4.1780932339e-02
1.2556600000e-02	4.2971971111e-02
1.3877200000e-02	4.3860016028e-02
1.5336700000e-02	4.4386240673e-02
1.6949700000e-02	4.4495353235e-02
1.8732300000e-02	4.4133227971e-02
2.0702400000e-02	4.3267563301e-02
2.2879700000e-02	4.1899102409e-02
2.5285900000e-02	4.0037045769e-02
2.7945300000e-02	3.7754440733e-02
3.0884300000e-02	3.5161942320e-02
3.4132400000e-02	3.2404483870e-02
3.7722200000e-02	2.9651108283e-02
4.1689500000e-02	2.7082407131e-02
4.6074000000e-02	2.4834505726e-02
5.0919600000e-02	2.2955530235e-02
5.6274900000e-02	2.1375184314e-02
6.2193400000e-02	1.9889418425e-02
6.8734300000e-02	1.8222188294e-02
7.5963200000e-02	1.6178129530e-02
8.3952200000e-02	1.3844638716e-02
9.2781600000e-02	1.1618468141e-02
1.0254000000e-01	9.9351607818e-03
1.1332400000e-01	8.8679446485e-03
1.2524200000e-01	7.9871952022e-03
1.3841400000e-01	6.8103933240e-03
1.5297100000e-01	5.5235041108e-03
1.6905900000e-01	4.6591670786e-03
1.8683900000e-01	4.0948302861e-03
2.0648900000e-01	3.3823379648e-03
2.2820600000e-01	2.7641575186e-03
2.5220700000e-01	2.3581879476e-03
2.7873100000e-01	1.9179578536e-03
3.0804600000e-01	1.5926468744e-03
3.4044300000e-01	1.3014337239e-03
3.7624800000e-01	1.0678679576e-03
4.1581800000e-01	8.6746891356e-04
4.5955000000e-01	7.0561627940e-04
5.0788200000e-01	5.7124476338e-04
5.6129600000e-01	4.6096901787e-04
6.2032800000e-01	3.7099068818e-04
6.8556900000e-01	2.9776415506e-04
7.5767100000e-01	2.3840656586e-04
8.3735500000e-01	1.9037077774e-04
9.2542100000e-01	1.5167716761e-04
1.0227500000e+00	1.2057748697e-04
1.1303100000e+00	9.5641955136e-05
1.2491900000e+00	7.5716367076e-05
1.3805700000e+00	5.9822497899e-05
1.5257600000e+00	4.7176634625e-05
1.6862300000e+00	3.7137758479e-05
1.8635700000e+00	2.9185168787e-05
2.0595600000e+00	2.2898653680e-05
2.2761700000e+00	1.7937927968e-05
2.5155500000e+00	1.4030740185e-05
2.7801200000e+00	1.0960098868e-05
3.0725000000e+00	8.5482384617e-06
3.3956400000e+00	6.6592057873e-06
3.7527600000e+00	5.1810719273e-06
4.1474500000e+00	4.0264624825e-06
4.5836400000e+00	3.1248692613e-06
5.0657000000e+00	2.4229671975e-06
5.5984700000e+00	1.8765360540e-06
6.1872600000e+00	1.4518765795e-06
6.8379900000e+00	1.1221935550e-06
7.5571400000e+00	8.6651172203e-07
8.3519300000e+00	6.6851364768e-07
9.2303200000e+00	5.1526190546e-07
1.0201100000e+01	3.9682005728e-07
1.1273900000e+01	3.0534116267e-07
1.2459600000e+01	2.3478735624e-07
1.3770000000e+01	1.8036226402e-07
1.5218200000e+01	1.3847762059e-07
1.6818700000e+01	1.0623332633e-07
1.8587600000e+01	8.1439828555e-08
2.0542400000e+01	6.2388673511e-08
2.2702900000e+01	4.7763639288e-08
2.5090600000e+01	3.6543390318e-08
2.7729400000e+01	2.7941356606e-08
3.0645700000e+01	2.1349133295e-08
3.3868700000e+01	1.6303634307e-08
3.7430800000e+01	1.2443205837e-08
4.1367400000e+01	9.4906837128e-09
4.5718000000e+01	7.2341924528e-09
5.0526300000e+01	5.5109190345e-09
