5.6859800000e-06	5.0782600000e-02
6.2839800000e-06	5.5936800000e-02
6.9448700000e-06	6.1614200000e-02
7.6752700000e-06	6.7867900000e-02
8.4824900000e-06	7.4756200000e-02
9.3746000000e-06	8.2343700000e-02
1.0360500000e-05	9.0701300000e-02
1.1450200000e-05	9.9907100000e-02
1.2654400000e-05	1.1004699924e-01
1.3985300000e-05	1.2121699826e-01
1.5456100000e-05	1.3351999907e-01
1.7081600000e-05	1.4707099688e-01
1.8878100000e-05	1.6199799885e-01
2.0863500000e-05	1.7843999874e-01
2.3057800000e-05	1.9655099859e-01
2.5482800000e-05	2.1649999850e-01
2.8162800000e-05	2.3847515465e-01
3.1124800000e-05	2.6267599066e-01
3.4398200000e-05	2.8933598354e-01
3.8015900000e-05	3.1870098185e-01
4.2014000000e-05	3.5104498007e-01
4.6432700000e-05	3.8667225749e-01
5.1316000000e-05	4.2591295752e-01
5.6713000000e-05	4.6913567980e-01
6.2677600000e-05	5.1674429607e-01
6.9269400000e-05	5.6918059546e-01
7.6554500000e-05	6.2693550067e-01
8.4605800000e-05	6.9055367035e-01
9.3503900000e-05	7.6061622911e-01
1.0333800000e-04	8.3776625505e-01
1.1420600000e-04	9.2275006386e-01
1.2621700000e-04	1.0163411500e+00
1.3949100000e-04	1.1194296434e+00
1.5416200000e-04	1.2329195515e+00
1.7037500000e-04	1.3578878136e+00
1.8829400000e-04	1.4955089349e+00
2.0809700000e-04	1.6470186588e+00
2.2998300000e-04	1.8138082341e+00
2.5417000000e-04	1.9973975393e+00
2.8090100000e-04	2.1994283206e+00
3.1044400000e-04	2.4217436781e+00
3.4309400000e-04	2.6663538410e+00
3.7917700000e-04	2.9353520459e+00
4.1905600000e-04	3.2311093338e+00
4.6312800000e-04	3.5561532456e+00
5.1183600000e-04	3.9132834241e+00
5.6566600000e-04	4.3052949837e+00
6.2515700000e-04	4.7355325812e+00
6.9090600000e-04	5.2073427494e+00
7.6356900000e-04	5.7241752179e+00
8.4387400000e-04	6.2899524090e+00
9.3262500000e-04	6.9086465164e+00
1.0307100000e-03	7.5842140196e+00
1.1391100000e-03	8.3211055999e+00
1.2589100000e-03	9.1237156876e+00
1.3913100000e-03	9.9961286080e+00
1.5376400000e-03	1.0943116923e+01
1.6993500000e-03	1.1968623800e+01
1.8780800000e-03	1.3076873851e+01
2.0756000000e-03	1.4270903719e+01
2.2938900000e-03	1.5553945544e+01
2.5351400000e-03	1.6927919464e+01
2.8017600000e-03	1.8393421261e+01
3.0964200000e-03	1.9950592842e+01
3.4220800000e-03	2.1596472568e+01
3.7819800000e-03	2.3327675129e+01
4.1797400000e-03	2.5137169212e+01
4.6193200000e-03	2.7016115975e+01
5.1051400000e-03	2.8951173278e+01
5.6420500000e-03	3.0926353383e+01
6.2354300000e-03	3.2921645682e+01
6.8912200000e-03	3.4911861060e+01
7.6159800000e-03	3.6866794266e+01
8.4169600000e-03	3.8752270914e+01
9.3021700000e-03	4.0526783151e+01
1.0280500000e-02	4.2144720054e+01
1.1361700000e-02	4.3553580751e+01
1.2556600000e-02	4.4698328911e+01
1.3877200000e-02	4.5519190198e+01
1.5336700000e-02	4.5956187008e+01
1.6949700000e-02	4.5953191864e+01
1.8732300000e-02	4.5461401992e+01
2.0702400000e-02	4.4449839794e+01
2.2879700000e-02	4.2913607491e+01
2.5285900000e-02	4.0880795386e+01
2.7945300000e-02	3.8425360071e+01
3.0884300000e-02	3.5669106254e+01
3.4132400000e-02	3.2774657164e+01
3.7722200000e-02	2.9929876228e+01
4.1689500000e-02	2.7318977595e+01
4.6074000000e-02	2.5078470745e+01
5.0919600000e-02	2.3249465736e+01
5.6274900000e-02	2.1738452847e+01
6.2193400000e-02	2.0306542403e+01
6.8734300000e-02	1.8638161244e+01
7.5963200000e-02	1.6521611465e+01
8.3952200000e-02	1.4068964745e+01
9.2781600000e-02	1.1742814366e+01
1.0254000000e-01	1.0031316189e+01
1.1332400000e-01	9.0000507425e+00
1.2524200000e-01	8.1496624530e+00
1.3841400000e-01	6.9385702266e+00
1.5297100000e-01	5.5927188534e+00
1.6905900000e-01	4.7202053373e+00
1.8683900000e-01	4.1703985166e+00
2.0648900000e-01	3.4362240124e+00
2.2820600000e-01	2.8026874612e+00
2.5220700000e-01	2.3986575322e+00
2.7873100000e-01	1.9465193624e+00
3.0804600000e-01	1.6182960243e+00
3.4044300000e-01	1.3215175219e+00
3.7624800000e-01	1.0848987085e+00
4.1581800000e-01	8.8094669481e-01
4.5955000000e-01	7.1671045219e-01
5.0788200000e-01	5.8023469445e-01
5.6129600000e-01	4.6820395219e-01
6.2032800000e-01	3.7681602049e-01
6.8556900000e-01	3.0245261550e-01
7.5767100000e-01	2.4214466980e-01
8.3735500000e-01	1.9337960673e-01
9.2542100000e-01	1.5406721539e-01
1.0227500000e+00	1.2247585119e-01
1.1303100000e+00	9.7150723742e-02
1.2491900000e+00	7.6907990797e-02
1.3805700000e+00	6.0762808909e-02
1.5257600000e+00	4.7918246379e-02
1.6862300000e+00	3.7721535352e-02
1.8635700000e+00	2.9644207901e-02
2.0595600000e+00	2.3258614446e-02
2.2761700000e+00	1.8220139679e-02
2.5155500000e+00	1.4251898881e-02
2.7801200000e+00	1.1132145581e-02
3.0725000000e+00	8.6832279342e-03
3.3956400000e+00	6.7641479993e-03
3.7527600000e+00	5.2627087493e-03
4.1474500000e+00	4.0895881204e-03
4.5836400000e+00	3.1742193795e-03
5.0657000000e+00	2.4610437270e-03
5.5984700000e+00	1.9060380983e-03
6.1872600000e+00	1.4746794974e-03
6.8379900000e+00	1.1398147397e-03
7.5571400000e+00	8.8012918163e-04
8.3519300000e+00	6.7899344359e-04
9.2303200000e+00	5.2335438206e-04
1.0201100000e+01	4.0305003362e-04
1.1273900000e+01	3.1013532923e-04
1.2459600000e+01	2.3845752522e-04
1.3770000000e+01	1.8319634912e-04
1.5218200000e+01	1.4063941881e-04
1.6818700000e+01	1.0788919117e-04
1.8587600000e+01	8.2706197379e-05
2.0542400000e+01	6.3357729155e-05
2.2702900000e+01	4.8502861575e-05
2.5090600000e+01	3.7106367422e-05
2.7729400000e+01	2.8369463563e-05
3.0645700000e+01	2.1675681604e-05
3.3868700000e+01	1.6551241528e-05
3.7430800000e+01	1.2630159433e-05
4.1367400000e+01	9.6319708605e-06
4.5718000000e+01	7.3409287259e-06
5.0526300000e+01	5.5912483024e-06
