5.6859800000e-06	4.7200644392e-03
6.2839800000e-06	5.1991292396e-03
6.9448700000e-06	5.7268236438e-03
7.6752700000e-06	6.3080831103e-03
8.4824900000e-06	6.9483264209e-03
9.3746000000e-06	7.6535579148e-03
1.0360500000e-05	8.4303675056e-03
1.1450200000e-05	9.2860143083e-03
1.2654400000e-05	1.0228482456e-02
1.3985300000e-05	1.1266694794e-02
1.5456100000e-05	1.2410215438e-02
1.7081600000e-05	1.3669733424e-02
1.8878100000e-05	1.5057145619e-02
2.0863500000e-05	1.6585371823e-02
2.3057800000e-05	1.8268725723e-02
2.5482800000e-05	2.0122915271e-02
2.8162800000e-05	2.2165144101e-02
3.1124800000e-05	2.4414812297e-02
3.4398200000e-05	2.6892766003e-02
3.8015900000e-05	2.9622139778e-02
4.2014000000e-05	3.2628401178e-02
4.6432700000e-05	3.5939794960e-02
5.1316000000e-05	3.9587119229e-02
5.6713000000e-05	4.3604557035e-02
6.2677600000e-05	4.8029528795e-02
6.9269400000e-05	5.2903391379e-02
7.6554500000e-05	5.8271518760e-02
8.4605800000e-05	6.4183804349e-02
9.3503900000e-05	7.0695800136e-02
1.0333800000e-04	7.7868451692e-02
1.1420600000e-04	8.5767422875e-02
1.2621700000e-04	9.4466503931e-02
1.3949100000e-04	1.0404579580e-01
1.5416200000e-04	1.1459562095e-01
1.7037500000e-04	1.2621252668e-01
1.8829400000e-04	1.3900245549e-01
2.0809700000e-04	1.5308482255e-01
2.2998300000e-04	1.6858738112e-01
2.5417000000e-04	1.8565149133e-01
2.8090100000e-04	2.0443207450e-01
3.1044400000e-04	2.2509616063e-01
3.4309400000e-04	2.4782919376e-01
3.7917700000e-04	2.7283198506e-01
4.1905600000e-04	3.0032192609e-01
4.6312800000e-04	3.3053453970e-01
5.1183600000e-04	3.6372476356e-01
5.6566600000e-04	4.0017126258e-01
6.2515700000e-04	4.4016220467e-01
6.9090600000e-04	4.8401176819e-01
7.6356900000e-04	5.3205882364e-01
8.4387400000e-04	5.8464946953e-01
9.3262500000e-04	6.4215254912e-01
1.0307100000e-03	7.0495871383e-01
1.1391100000e-03	7.7345928008e-01
1.2589100000e-03	8.4806105779e-01
1.3913100000e-03	9.2918634288e-01
1.5376400000e-03	1.0172277756e+00
1.6993500000e-03	1.1125878563e+00
1.8780800000e-03	1.2156347118e+00
2.0756000000e-03	1.3266981269e+00
2.2938900000e-03	1.4460226017e+00
2.5351400000e-03	1.5738377937e+00
2.8017600000e-03	1.7102123909e+00
3.0964200000e-03	1.8551037308e+00
3.4220800000e-03	2.0083636525e+00
3.7819800000e-03	2.1695979036e+00
4.1797400000e-03	2.3382255727e+00
4.6193200000e-03	2.5133923563e+00
5.1051400000e-03	2.6939832163e+00
5.6420500000e-03	2.8785264978e+00
6.2354300000e-03	3.0651786670e+00
6.8912200000e-03	3.2516908860e+00
7.6159800000e-03	3.4353893026e+00
8.4169600000e-03	3.6130835494e+00
9.3021700000e-03	3.7811163295e+00
1.0280500000e-02	3.9353185821e+00
1.1361700000e-02	4.0710548902e+00
1.2556600000e-02	4.1832207022e+00
1.3877200000e-02	4.2664370118e+00
1.5336700000e-02	4.3152220885e+00
1.6949700000e-02	4.3242842653e+00
1.8732300000e-02	4.2890819017e+00
2.0702400000e-02	4.2064046813e+00
2.2879700000e-02	4.0751192939e+00
2.5285900000e-02	3.8972456924e+00
2.7945300000e-02	3.6784985909e+00
3.0884300000e-02	3.4288492353e+00
3.4132400000e-02	3.1622788350e+00
3.7722200000e-02	2.8954070824e+00
4.1689500000e-02	2.6448397879e+00
4.6074000000e-02	2.4236075840e+00
5.0919600000e-02	2.2370097315e+00
5.6274900000e-02	2.0788977346e+00
6.2193400000e-02	1.9308250903e+00
6.8734300000e-02	1.7672237452e+00
7.5963200000e-02	1.5699225871e+00
8.3952200000e-02	1.3461624654e+00
9.2781600000e-02	1.1322320891e+00
1.0254000000e-01	9.6866516330e-01
1.1332400000e-01	8.6276386527e-01
1.2524200000e-01	7.7517333721e-01
1.3841400000e-01	6.6138084151e-01
1.5297100000e-01	5.3777045491e-01
1.6905900000e-01	4.5353823985e-01
1.8683900000e-01	3.9771972212e-01
2.0648900000e-01	3.2882038911e-01
2.2820600000e-01	2.6898068123e-01
2.5220700000e-01	2.2914445487e-01
2.7873100000e-01	1.8653897200e-01
3.0804600000e-01	1.5482239426e-01
3.4044300000e-01	1.2654922776e-01
3.7624800000e-01	1.0381306396e-01
4.1581800000e-01	8.4342779185e-02
4.5955000000e-01	6.8600229685e-02
5.0788200000e-01	5.5536493911e-02
5.6129600000e-01	4.4815191675e-02
6.2032800000e-01	3.6067741683e-02
6.8556900000e-01	2.8949634504e-02
7.5767100000e-01	2.3177103741e-02
8.3735500000e-01	1.8509551423e-02
9.2542100000e-01	1.4746628010e-02
1.0227500000e+00	1.1722835835e-02
1.1303100000e+00	9.2988555807e-03
1.2491900000e+00	7.3612367609e-03
1.3805700000e+00	5.8158798124e-03
1.5257600000e+00	4.5864584357e-03
1.6862300000e+00	3.6104818127e-03
1.8635700000e+00	2.8373605347e-03
2.0595600000e+00	2.2261530996e-03
2.2761700000e+00	1.7439071551e-03
2.5155500000e+00	1.3640910923e-03
2.7801200000e+00	1.0654735454e-03
3.0725000000e+00	8.3109893916e-04
3.3956400000e+00	6.4742703100e-04
3.7527600000e+00	5.0371066126e-04
4.1474500000e+00	3.9142214974e-04
4.5836400000e+00	3.0381687047e-04
5.0657000000e+00	2.3555381129e-04
5.5984700000e+00	1.8243299364e-04
6.1872600000e+00	1.4114587499e-04
6.8379900000e+00	1.0909500163e-04
7.5571400000e+00	8.4241215389e-05
8.3519300000e+00	6.4989701827e-05
9.2303200000e+00	5.0093295877e-05
1.0201100000e+01	3.8577978561e-05
1.1273900000e+01	2.9685475375e-05
1.2459600000e+01	2.2824341236e-05
1.3770000000e+01	1.7535545420e-05
1.5218200000e+01	1.3462063426e-05
1.6818700000e+01	1.0327465706e-05
1.8587600000e+01	7.9170472596e-06
2.0542400000e+01	6.0651287787e-06
2.2702900000e+01	4.6432879537e-06
2.5090600000e+01	3.5524579463e-06
2.7729400000e+01	2.7161731209e-06
3.0645700000e+01	2.0754663836e-06
3.3868700000e+01	1.5849218558e-06
3.7430800000e+01	1.2095804569e-06
4.1367400000e+01	9.2258479477e-07
4.5718000000e+01	7.0326041222e-07
5.0526300000e+01	5.3575425904e-07
