5.6859800000e-06	1.0359569869e+00
6.2839800000e-06	1.0359569869e+00
6.9448700000e-06	1.0359569869e+00
7.6752700000e-06	1.0359569869e+00
8.4824900000e-06	1.0359569855e+00
9.3746000000e-06	1.0359569869e+00
1.0360500000e-05	1.0359569842e+00
1.1450200000e-05	1.0359569828e+00
1.2654400000e-05	1.0359569826e+00
1.3985300000e-05	1.0359569811e+00
1.5456100000e-05	1.0359569786e+00
1.7081600000e-05	1.0359569741e+00
1.8878100000e-05	1.0359569705e+00
2.0863500000e-05	1.0359569691e+00
2.3057800000e-05	1.0359569677e+00
2.5482800000e-05	1.0359569664e+00
2.8162800000e-05	1.0359571941e+00
3.1124800000e-05	1.0359570887e+00
3.4398200000e-05	1.0359570800e+00
3.8015900000e-05	1.0359570665e+00
4.2014000000e-05	1.0359570488e+00
4.6432700000e-05	1.0359570550e+00
5.1316000000e-05	1.0359571546e+00
5.6713000000e-05	1.0359571259e+00
6.2677600000e-05	1.0359571188e+00
6.9269400000e-05	1.0359571967e+00
7.6554500000e-05	1.0359572905e+00
8.4605800000e-05	1.0359558703e+00
9.3503900000e-05	1.0359559386e+00
1.0333800000e-04	1.0359572831e+00
1.1420600000e-04	1.0359573302e+00
1.2621700000e-04	1.0359574830e+00
1.3949100000e-04	1.0359564501e+00
1.5416200000e-04	1.0359563504e+00
1.7037500000e-04	1.0359564392e+00
1.8829400000e-04	1.0359569450e+00
2.0809700000e-04	1.0359555785e+00
2.2998300000e-04	1.0359560075e+00
2.5417000000e-04	1.0359548882e+00
2.8090100000e-04	1.0359553162e+00
3.1044400000e-04	1.0359544958e+00
3.4309400000e-04	1.0359540085e+00
3.7917700000e-04	1.0359518173e+00
4.1905600000e-04	1.0359532463e+00
4.6312800000e-04	1.0359517340e+00
5.1183600000e-04	1.0359490482e+00
5.6566600000e-04	1.0359495476e+00
6.2515700000e-04	1.0359477487e+00
6.9090600000e-04	1.0359435557e+00
7.6356900000e-04	1.0359413716e+00
8.4387400000e-04	1.0359371851e+00
9.3262500000e-04	1.0359327932e+00
1.0307100000e-03	1.0359278008e+00
1.1391100000e-03	1.0359216726e+00
1.2589100000e-03	1.0359129691e+00
1.3913100000e-03	1.0359046614e+00
1.5376400000e-03	1.0358918284e+00
1.6993500000e-03	1.0358794977e+00
1.8780800000e-03	1.0358621186e+00
2.0756000000e-03	1.0358434695e+00
2.2938900000e-03	1.0358205350e+00
2.5351400000e-03	1.0357905177e+00
2.8017600000e-03	1.0357585049e+00
3.0964200000e-03	1.0357182160e+00
3.4220800000e-03	1.0356724131e+00
3.7819800000e-03	1.0356206178e+00
4.1797400000e-03	1.0355595155e+00
4.6193200000e-03	1.0354902054e+00
5.1051400000e-03	1.0354162954e+00
5.6420500000e-03	1.0353367791e+00
6.2354300000e-03	1.0352541735e+00
6.8912200000e-03	1.0351717339e+00
7.6159800000e-03	1.0350944636e+00
8.4169600000e-03	1.0350240281e+00
9.3021700000e-03	1.0349643197e+00
1.0280500000e-02	1.0349181065e+00
1.1361700000e-02	1.0348812772e+00
1.2556600000e-02	1.0348525158e+00
1.3877200000e-02	1.0348255848e+00
1.5336700000e-02	1.0348007716e+00
1.6949700000e-02	1.0347778119e+00
1.8732300000e-02	1.0347595840e+00
2.0702400000e-02	1.0347457183e+00
2.2879700000e-02	1.0347306936e+00
2.5285900000e-02	1.0347212929e+00
2.7945300000e-02	1.0347122748e+00
3.0884300000e-02	1.0347017120e+00
3.4132400000e-02	1.0346916320e+00
3.7722200000e-02	1.0346866925e+00
4.1689500000e-02	1.0346832548e+00
4.6074000000e-02	1.0346800820e+00
5.0919600000e-02	1.0346791328e+00
5.6274900000e-02	1.0346787656e+00
6.2193400000e-02	1.0346789341e+00
6.8734300000e-02	1.0346772930e+00
7.5963200000e-02	1.0346753690e+00
8.3952200000e-02	1.0346703617e+00
9.2781600000e-02	1.0346653693e+00
1.0254000000e-01	1.0346652477e+00
1.1332400000e-01	1.0346693890e+00
1.2524200000e-01	1.0346707500e+00
1.3841400000e-01	1.0346698739e+00
1.5297100000e-01	1.0346640753e+00
1.6905900000e-01	1.0346651773e+00
1.8683900000e-01	1.0346692779e+00
2.0648900000e-01	1.0346656643e+00
2.2820600000e-01	1.0346659926e+00
2.5220700000e-01	1.0346668529e+00
2.7873100000e-01	1.0346648533e+00
3.0804600000e-01	1.0346658047e+00
3.4044300000e-01	1.0346653946e+00
3.7624800000e-01	1.0346654267e+00
4.1581800000e-01	1.0346646168e+00
4.5955000000e-01	1.0346646382e+00
5.0788200000e-01	1.0346647148e+00
5.6129600000e-01	1.0346643277e+00
6.2032800000e-01	1.0346644571e+00
6.8556900000e-01	1.0346652549e+00
7.5767100000e-01	1.0346637937e+00
8.3735500000e-01	1.0346665164e+00
9.2542100000e-01	1.0346654031e+00
1.0227500000e+00	1.0346651059e+00
1.1303100000e+00	1.0346658201e+00
1.2491900000e+00	1.0346648795e+00
1.3805700000e+00	1.0346643991e+00
1.5257600000e+00	1.0346643968e+00
1.6862300000e+00	1.0346643574e+00
1.8635700000e+00	1.0346645171e+00
2.0595600000e+00	1.0346642069e+00
2.2761700000e+00	1.0346645014e+00
2.5155500000e+00	1.0346651030e+00
2.7801200000e+00	1.0346634725e+00
3.0725000000e+00	1.0346657573e+00
3.3956400000e+00	1.0346652819e+00
3.7527600000e+00	1.0346650249e+00
4.1474500000e+00	1.0346631220e+00
4.5836400000e+00	1.0346659060e+00
5.0657000000e+00	1.0346640936e+00
5.5984700000e+00	1.0346642727e+00
6.1872600000e+00	1.0346638915e+00
6.8379900000e+00	1.0346638202e+00
7.5571400000e+00	1.0346643638e+00
8.3519300000e+00	1.0346635557e+00
9.2303200000e+00	1.0346643506e+00
1.0201100000e+01	1.0346641101e+00
1.1273900000e+01	1.0346645698e+00
1.2459600000e+01	1.0346628915e+00
1.3770000000e+01	1.0346651701e+00
1.5218200000e+01	1.0346630560e+00
1.6818700000e+01	1.0346629337e+00
1.8587600000e+01	1.0346624609e+00
2.0542400000e+01	1.0346626254e+00
2.2702900000e+01	1.0346620521e+00
2.5090600000e+01	1.0346613105e+00
2.7729400000e+01	1.0346604113e+00
3.0645700000e+01	1.0346611352e+00
3.3868700000e+01	1.0346600107e+00
3.7430800000e+01	1.0346582257e+00
4.1367400000e+01	1.0346575577e+00
4.5718000000e+01	1.0346573047e+00
5.0526300000e+01	1.0346566935e+00
