5.6859800000e-06	1.0886821998e+00
6.2839800000e-06	1.0886821998e+00
6.9448700000e-06	1.0886821998e+00
7.6752700000e-06	1.0886821998e+00
8.4824900000e-06	1.0886821980e+00
9.3746000000e-06	1.0886821998e+00
1.0360500000e-05	1.0886821962e+00
1.1450200000e-05	1.0886821944e+00
1.2654400000e-05	1.0886821942e+00
1.3985300000e-05	1.0886821922e+00
1.5456100000e-05	1.0886821889e+00
1.7081600000e-05	1.0886821831e+00
1.8878100000e-05	1.0886821782e+00
2.0863500000e-05	1.0886821765e+00
2.3057800000e-05	1.0886821747e+00
2.5482800000e-05	1.0886821729e+00
2.8162800000e-05	1.0886824712e+00
3.1124800000e-05	1.0886823331e+00
3.4398200000e-05	1.0886823217e+00
3.8015900000e-05	1.0886823040e+00
4.2014000000e-05	1.0886822809e+00
4.6432700000e-05	1.0886822890e+00
5.1316000000e-05	1.0886824194e+00
5.6713000000e-05	1.0886823818e+00
6.2677600000e-05	1.0886823725e+00
6.9269400000e-05	1.0886824745e+00
7.6554500000e-05	1.0886825974e+00
8.4605800000e-05	1.0886807376e+00
9.3503900000e-05	1.0886808270e+00
1.0333800000e-04	1.0886825877e+00
1.1420600000e-04	1.0886826494e+00
1.2621700000e-04	1.0886828494e+00
1.3949100000e-04	1.0886814968e+00
1.5416200000e-04	1.0886813663e+00
1.7037500000e-04	1.0886814826e+00
1.8829400000e-04	1.0886821450e+00
2.0809700000e-04	1.0886803554e+00
2.2998300000e-04	1.0886809172e+00
2.5417000000e-04	1.0886794515e+00
2.8090100000e-04	1.0886800120e+00
3.1044400000e-04	1.0886789377e+00
3.4309400000e-04	1.0886782996e+00
3.7917700000e-04	1.0886754303e+00
4.1905600000e-04	1.0886773015e+00
4.6312800000e-04	1.0886753212e+00
5.1183600000e-04	1.0886718041e+00
5.6566600000e-04	1.0886724581e+00
6.2515700000e-04	1.0886701025e+00
6.9090600000e-04	1.0886646119e+00
7.6356900000e-04	1.0886617519e+00
8.4387400000e-04	1.0886562698e+00
9.3262500000e-04	1.0886505187e+00
1.0307100000e-03	1.0886439814e+00
1.1391100000e-03	1.0886359568e+00
1.2589100000e-03	1.0886245599e+00
1.3913100000e-03	1.0886136815e+00
1.5376400000e-03	1.0885968775e+00
1.6993500000e-03	1.0885807314e+00
1.8780800000e-03	1.0885579750e+00
2.0756000000e-03	1.0885335560e+00
2.2938900000e-03	1.0885035260e+00
2.5351400000e-03	1.0884642227e+00
2.8017600000e-03	1.0884223075e+00
3.0964200000e-03	1.0883695573e+00
3.4220800000e-03	1.0883095895e+00
3.7819800000e-03	1.0882417781e+00
4.1797400000e-03	1.0881617850e+00
4.6193200000e-03	1.0880710503e+00
5.1051400000e-03	1.0879742985e+00
5.6420500000e-03	1.0878702130e+00
6.2354300000e-03	1.0877620894e+00
6.8912200000e-03	1.0876541890e+00
7.6159800000e-03	1.0875530598e+00
8.4169600000e-03	1.0874608802e+00
9.3021700000e-03	1.0873827427e+00
1.0280500000e-02	1.0873222677e+00
1.1361700000e-02	1.0872740741e+00
1.2556600000e-02	1.0872364385e+00
1.3877200000e-02	1.0872011989e+00
1.5336700000e-02	1.0871687309e+00
1.6949700000e-02	1.0871386887e+00
1.8732300000e-02	1.0871148383e+00
2.0702400000e-02	1.0870966957e+00
2.2879700000e-02	1.0870770370e+00
2.5285900000e-02	1.0870647369e+00
2.7945300000e-02	1.0870529375e+00
3.0884300000e-02	1.0870391171e+00
3.4132400000e-02	1.0870259284e+00
3.7722200000e-02	1.0870194657e+00
4.1689500000e-02	1.0870149678e+00
4.6074000000e-02	1.0870108167e+00
5.0919600000e-02	1.0870095747e+00
5.6274900000e-02	1.0870090942e+00
6.2193400000e-02	1.0870093148e+00
6.8734300000e-02	1.0870071676e+00
7.5963200000e-02	1.0870046502e+00
8.3952200000e-02	1.0869980988e+00
9.2781600000e-02	1.0869915669e+00
1.0254000000e-01	1.0869914078e+00
1.1332400000e-01	1.0869968261e+00
1.2524200000e-01	1.0869986069e+00
1.3841400000e-01	1.0869974606e+00
1.5297100000e-01	1.0869898739e+00
1.6905900000e-01	1.0869913157e+00
1.8683900000e-01	1.0869966808e+00
2.0648900000e-01	1.0869919529e+00
2.2820600000e-01	1.0869923824e+00
2.5220700000e-01	1.0869935081e+00
2.7873100000e-01	1.0869908918e+00
3.0804600000e-01	1.0869921366e+00
3.4044300000e-01	1.0869916000e+00
3.7624800000e-01	1.0869916420e+00
4.1581800000e-01	1.0869905823e+00
4.5955000000e-01	1.0869906104e+00
5.0788200000e-01	1.0869907106e+00
5.6129600000e-01	1.0869902041e+00
6.2032800000e-01	1.0869903734e+00
6.8556900000e-01	1.0869914172e+00
7.5767100000e-01	1.0869895055e+00
8.3735500000e-01	1.0869930677e+00
9.2542100000e-01	1.0869916112e+00
1.0227500000e+00	1.0869912222e+00
1.1303100000e+00	1.0869921568e+00
1.2491900000e+00	1.0869909260e+00
1.3805700000e+00	1.0869902975e+00
1.5257600000e+00	1.0869902945e+00
1.6862300000e+00	1.0869902429e+00
1.8635700000e+00	1.0869904519e+00
2.0595600000e+00	1.0869900461e+00
2.2761700000e+00	1.0869904314e+00
2.5155500000e+00	1.0869912184e+00
2.7801200000e+00	1.0869890852e+00
3.0725000000e+00	1.0869920745e+00
3.3956400000e+00	1.0869914526e+00
3.7527600000e+00	1.0869911164e+00
4.1474500000e+00	1.0869886266e+00
4.5836400000e+00	1.0869922691e+00
5.0657000000e+00	1.0869898978e+00
5.5984700000e+00	1.0869901321e+00
6.1872600000e+00	1.0869896333e+00
6.8379900000e+00	1.0869895401e+00
7.5571400000e+00	1.0869902513e+00
8.3519300000e+00	1.0869891941e+00
9.2303200000e+00	1.0869902341e+00
1.0201100000e+01	1.0869899194e+00
1.1273900000e+01	1.0869905208e+00
1.2459600000e+01	1.0869883250e+00
1.3770000000e+01	1.0869913063e+00
1.5218200000e+01	1.0869885402e+00
1.6818700000e+01	1.0869883803e+00
1.8587600000e+01	1.0869877616e+00
2.0542400000e+01	1.0869879769e+00
2.2702900000e+01	1.0869872268e+00
2.5090600000e+01	1.0869862565e+00
2.7729400000e+01	1.0869850800e+00
3.0645700000e+01	1.0869860271e+00
3.3868700000e+01	1.0869845558e+00
3.7430800000e+01	1.0869822205e+00
4.1367400000e+01	1.0869813464e+00
4.5718000000e+01	1.0869810154e+00
5.0526300000e+01	1.0869802158e+00
